6104175196008125-99999M-99999M-99999M-99999M-99999M-99999M-99999M-99999M-99999M-99999M-99999M-99999M-99999M-99999M-99999M-99999M-99999M-99999M-99999M-99999M-99999M-99999M-99999M-99999M-99999M000000 000000 000000 000008 000000 000000 
6104175196009125000000 000000 000008 -99999M000000 000000 000000 000000 000008 000000 000000 000003 -99999M000000 000000 000000 -99999M000000 000000 000000 000000 000000 000000 000000 000000 000000 -99999M000000 000000 000005 -99999M
6104175196010125000000 000013 000000 000000 000028 -99999M000000 000000 000000 000000 000000 000000 000000 000000 000010 -99999M000000 000000 000003 000000 000003 000003 000008 000003 -99999M000000 000000 000000 000000 000000 000005 
6104175196011125000005 -99999M000000 000000 000000 000000 000000 000003 000003 000005 000000 000000 000000 000003 000010 000003 000000 000000 000000 000000 000000 000003 -99999M000000 000000 000000 000000 000005 000005 000003 -99999M
6104175196012125000000 000000 000000 000000 000000 000003 -99999M000000 -99999M000000 000000 000000 000000 000000 000010 -99999M000000 -99999M000000 -99999M000000 -99999M000000 -99999M000000 000005 000000 000000 000000 000000 000000 
6104175196102125000000 000000 -99999M000000 000000 000000 000000 000000 000000 000000 000000 000000 000000 000000 000000 000000 -99999M000015H-99999M000000 000000 000005 000008 000000 000010 -99999M000000 000000 -99999M-99999M-99999M
6104175196103125000003 000000 000000 000005 -99999M000013H-99999M000003 000003 000000 000000 000000 000005 000003H000003 -99999M000000 000000 000000 000000 000000 000003 000003 000003 -99999M000000 000003 000000 000000 000000 000000 
6104175196104125000003 000003 000000 000000 000000 000005 000003 000000 000003 000005 -99999M000000 000003 -99999M000000 000015 000003 -99999M000000 000000 000005 000005 000000 000000 -99999M000003 000000 000008 000000 000000 -99999M
6104175196105125000005 000003 000005 000000 000000 000005 -99999M000000 000003 000000 000000 000005 000000 000000 000051 -99999M000000 000008 000005 000000 000000 000003 000000 000000 000003 000003 000000 000005 -99999M000000 000000 
6104175196106125000005 -99999M000000 000000 000000 000000 000000 000013 000000 000000 000000 000000 000018 -99999M000000 000000 000000 000000 000005 -99999M000010 000005 000028 000000 000003 000000 000000 000000 000000 000000 -99999M
6104175196107125000000 000008 -99999M000000 000000 000000 000003 000000 000015 000005 -99999M000000 000005 000013 -99999M000000 000018 -99999M000000 000000 000000 000000 000000 000003 000000 000000 000000 000000 000000 000000 000000 
6104175196108125000000 000000 000000 000000 000000 000053 000000 000000 000000 000003 000013 000028 000000 000000 000038 000000 000000 000000 000000 000000 000003 000000 000000 000005 000008 000000 000000 000003 000000 000000 000000 
6104175196109125000048 -99999M000005 000005 000000 000000 000000 000000 000000 000000 000000 000000 000008 000013 000000 000000 000000 000000 000000 000000 000000 000000 000000 000003 000051 000005 000005 -99999M000000 000000 -99999M
6104175196110125000010 000005 000003 000000 000000 000000 000000 000000 000000 000000 000000 000000 000013 -99999M000000 000000 000000 000000 000000 000000 000000 000000 000000 000000 000008 000000 000000 000000 000008 -99999M000000 
6104175196111125000000 000000 000008 -99999M000000 000000 000000 000000 000000 000000 000000 000003 000008 -99999M000000 000023 -99999M000000 000000 000000 000000 000000 000005 000003 000000 000000 000005 000000 000000 000000 -99999M
6104175196112125000000 000000 000000 000008 -99999M000005 000003 000000 000000 000000 000003 000010H000000 000000 000000 000000 000000 000000 000000 000000 000000 000000 000000 000000 000000 000000 000000 000000 000000 000000 000000 
6104175196201125000000 000000 000000 000000 000000 000000 000000 000000 000000 000000 000000 000000 000000 000000 000000 000000 000000 000000 000000 000000 000000 000000 000000 000000 000000 000008 000000 000000 000000 000000 000000 
6104175196202125000000 000000 000000 000000 000000 000000 000000 000000 000000 000000 000000 000000 000000 000000 000000 000000 000000 000000 000000 000000 000000 000000 000000 000000 000000 000005 000005 000005 -99999M-99999M-99999M
6104175196203125-99999M-99999M-99999M-99999M-99999M-99999M-99999M-99999M-99999M-99999M000015 000010 000000 000000 000000 000000 000000 000000 000000 -99999M000000 000000 000000 000000 000000 000000 000000 000000 000000 000000 000005 
6104175196204125000005 000000 000000 000000 000000 -99999M000008 000000 000010 000000 000000 000005 000005 000000 000005 000000 000000 000000 000000 000000 000000 000003 000003 000000 000000 000000 000000 000000 000005 000003 -99999M
6104175196205125000005 000008 000000 -99999M000003 000003 000000 000000 000000 000000 000000 000000 000005 000000 000000 000000 000000 000000 000000 000005 000000 000000 000056 -99999M000000 000000 000000 000000 000000 000000 000000 
6104175196206125000000 000000 000000 000000 000003 000000 000000 000000 000000 000025 000020 000000 000000 000000 000000 000000 000013 000013 -99999M000000 000000 000046 -99999M000013 000107 000000 000000 000000 000000 000013 -99999M
6104175196207125000000 000000 000000 000000 000000 000000 000000 000079 000028 000000 000000 000076 -99999M000000 000036 -99999M000000 000051 000000 000005 -99999M000000 000008 -99999M000023 000005 000000 000003 -99999M000000 000000 
6104175196208125000000 000000 000000 000000 000000 000058 000028 000000 000010 -99999M000000 000000 000013I000000 000000 000000 000000 000000 000000 000030 -99999M000000 000000 000000 000000 000000 000043 000003 000000 000000 000000 
6104175196209125000038 000000 000000 000003 000005 000000 000000 000000 000018 000018 000000 000000 000003 -99999M000000 000005 000066 000018 000000 000000 000000 000000 000000 000000 000015 000000 000003 000020 000003 -99999M-99999M
6104175196210125000000 000000 000005 000013 000005 -99999M000000 000000 000005 000005 000000 000000 000000 000000 000000 000010 000000 000000 000000 000003 -99999M000008 -99999M000000 000000 000000 000005 000013 000000 000008 000015 
6104175196211125000000 000000 000000 000000 000000 000000 000000 000000 000010 000008 -99999M000000 000000 000000 000000 000000 000000 000000 000000 000005 -99999M000000 000003 -99999M000000 000000 000000 000000 000000 000000 -99999M
6104175196212125000000 000000 000000 000000 000008 000008 -99999M000000 000000 000000 000000 000000 000000 000000 000000 000000 000000 000000 000000 000000 000000 000000 000000 000000 000000 000000 000000 000000 000000 000000 000000 
6104175196303125-99999M-99999M-99999M-99999M-99999M-99999M-99999M-99999M-99999M-99999M-99999M-99999M-99999M-99999M-99999M-99999M-99999M-99999M-99999M-99999M-99999M-99999M-99999M-99999M-99999M000003 000003 000000 000010 -99999M000000 
6104175196304125000000 000010 000010 -99999M000000 000000 000000 000000 000000 000000 000000 000000 000000 000000 000000 000000 000000 000005 000053 000000 000008 000000 000005 000000 000000 000000 000000 000000 000005 000018 -99999M
6104175196305125000003 000000 000000 000010 -99999M000000 000005 000005 000000 000008 000000 000000 000003 000000 000000 000000 000010 000005 000003 000003 000003 000003 -99999M000000 000000 000000 000000 000008 -99999M000000 000010 
6104175196306125-99999M000000 000000 000005 000000 000008 000000 000008 000008 000005 000018 -99999M000000 000000 000000 000043 000000 000000 000010 -99999M000003 000000 000000 000000 000000 000000 000005 -99999M000000 000000 -99999M
6104175196307125000000 000000 000000 000000 000000 000010 000013 000000 000000 000000 000000 000000 000000 000028 000003 000000 000000 000000 000003 000018 000000 000000 000000 000000 000000 000000 000000 000000 000000 000000 000000 
6104175196308125000028 000000 000076 000003 000000 000003 000003 -99999M-99999M000000 000018 000003 000028 -99999M000010 000000 000005 000000 000000 000000 000000 000003 000000 000000 000000 000000 000000 000005 000003 000064 -99999M
6104175196309125000000 000000 000028 000000 000000 000000 000000 000000 000000 000000 000015 000013 -99999M000000 000000 000000 000000 000000 000020 000000 000000 000000 000000 000000 000000 000000 000020 000000 000005 -99999M-99999M
6104175196310125000000 000000 000013 000000 000000 000000 000000 000000 000000 000000 000003 000000 000000 000000 000000 000000 000000 000000 000000 000000 000000 000000 000000 000000 000000 000000 000000 000000 000000 000003 000005 
6104175196311125000008 000000 000000 000000 000003 000003 000003 000000 -99999M000010 -99999M000005 000003 000000 000000 000000 000008 000013 000000 000008 000005 000000 -99999M000000 000000 000000 000000 000003 000005 -99999M-99999M
6104175196312125000000 000000 000000 000000 000000 000003 000000 000010 -99999M000000 000000 000000 000000 000000 000000 000000 000000 000000 000000 000000 000000 000000 000000 000000 000000 000000 000000 000000 000000 000000 000000 
6104175196401125000000 000000 000000 000000 000000 000000 000000 000000 000005 -99999M000000 000000 000000 000000 000000 000000 000000 000000 000000 000008 000000 000000 000000 000010 000005 000000 000000 000000 000000 000000 000000 
6104175196402125000003 -99999M-99999M-99999M-99999M-99999M-99999M-99999M-99999M-99999M-99999M-99999M-99999M-99999M-99999M-99999M-99999M-99999M-99999M-99999M-99999M-99999M-99999M-99999M-99999M-99999M-99999M-99999M-99999M-99999M-99999M
6104175196403125000000 000000 000000 000005 000008 000000 000000 000008 000003I000000 000000 000000 000000 000005 000000 000000 000000 000000 000000 000000 000000 000005 000000 000003 000010 000010 -99999M000010 000000 000000 000000 
6104175196404125000000 000000 000000 000000 000000 000015 000018 -99999M000000 000000 000000 000000 000010 -99999M000000 000000 000000 000000 000003 000003 000008 000005 -99999M000000 000000 000000 000003 000005 000005 000003 -99999M
6104175196405125000000 000000 000000 000000 000000 000000 000000 000000 000000 000000 000000 000000 000008 -99999M000000 000013 000005 000005I-99999M000000 000000 000000 000000 000020 -99999M000015 000000 000000 000000 000000 000000 
6104175196406125000005 -99999M000003 000003 000000 000000 000000 000000 000005 -99999M000000 000010 -99999M000000 000010 000000 000000 000000 000000 000000 000000 000000 000015 -99999M000000 000000 000000 000000 000000 000000 -99999M
6104175196407125000020 000023 -99999M000000 000000 000000 000000 000000 000000 000000 000000 000018 000005 000000 000000 000000 000000 000000 000000 000000 000000 000000 000000 000000 000003 000005 000000 000000 000000 000000 000000 
6104175196408125000000 000000 000000 000000 000000 000000 000000 000000 000000 000000 000041 -99999M000000 000000 000000 000000 000020 000005 -99999M000013 000013 000018 000003 000000 000000 000000 000000 000000 000000 000000 000000 
6104175196409125000000 000000 000008 000000 000000 000000 000000 000003 000000 000000 000000 000000 000000 000000 000000 000000 000003 -99999M000000 000003 000000 000000 000005 000025I-99999M-99999M000003 -99999M000000 000000 -99999M
6104175196410125000000 -99999M000000 000000 000005 000003 000000 000000 000003 000003 000000 000000 000003 000000 000000 000000 000000 000005 -99999M000000 000005 -99999M000000 000000 000000 000000 000000 000000 000003 000000 000000 
6104175196411125000000 000000 000000 000005 000003 000000 000000 000000 000008 -99999M000013 000003 000000 000000 000003 000005 000000 000000 000005 000005 -99999M000000 000000 000000 000013 000003 000000 000003 000000 000000 -99999M
6104175196412125000000 000000 000000 000000 000000 000000 000000 000000 000000 000000 000005 -99999M000005 000000 000000 000000 000003 000000 -99999M-99999M000000 000000 000000 000010 000008 000005 -99999M000000 000000 000003 -99999M
6104175196501125000000 000000 000000 000000 000000 000000 000000 000015 -99999M000000 000000 000000 000000 000000 000000 000000 000000 000000 000000 000000 000000 000000 000000 000000 000000 000000 000000 000000 000000 000000 000000 
6104175196502125000000 000000 000000 000000 000000 000000 000000 000003 -99999M000005I000005 -99999M000000 000000 000000 000000 000000 000000 000000 000000 000000 000000 000000 000000 000008 000000 000000 000000 -99999M-99999M-99999M
6104175196503125000000 000000 000000 000000 000000 000003 000000 000000 000000 000000 000000 000000 000000 000000 000000 000000 000000 000000 000000 000000 000000 000000 000000 000000 000000 000000 000000 000000 000000 000000 000000 
6104175196504125000000 000000 000000 000000 000000 000000 000003 000000 000000 000000 000023 000003 000000 000000 000005 000000 000005 000000 000000 000000 000005I000000 000000 000000 000008 000008 000000 000000 000000 000000 -99999M
6104175196505125000000 000000 000000 000000 000000 000000 000005 000000 000000 000000 000000 000000 000000 000000 000000 000043 000003I000000 000015 000000 000000 000000 000000 000000 000000 000000 000008 000003 000000 000000 000000 
6104175196506125000000 000000 000000 000000 000000 000000 000005 000000 000000 000000 000000 000003 000003 -99999M000000 000000 000028 000025 000000 000000 000000 000000 000028 000000 000000 000000 000000 000018 -99999M000000 -99999M
6104175196507125000000 000015 -99999M000000 000000 000000 000023 -99999M000028 000000 000000 000000 000000 000005 000000 000010 -99999M000000 000000 000000 000000 000000 000000 000000 000000 000000 000000 000000 000005 000000 000000 
6104175196508125000018 -99999M000000 000000 000000 000000 000005 000023 000005 000008 -99999M000003 -99999M000000 000000 000000 000008 000010 000003 000000 000000 000025 -99999M000000 000056 000003 000018 -99999M000000 000000 000015 
6104175196509125000010 000000 000000 000000 000000 000000 000015 -99999M000005 -99999M000000 000000 000003 -99999M000015 000000 000008 000033 000000 000000 000000 000000 000008 000008I-99999M000000 000000 000005 000003 000013 -99999M
6104175196510125000008 000000 000000 000000 000000 000000 000008 000010 000005 -99999M-99999M000008 000000 000000 000036 000000 000000 000000 000000 000000 000003 000010 000000 -99999M000000 000000 -99999M000000 000000 000000 000010 
6104175196511125000000 000000 000000 000000 000000 000003 000000 000008 000000 000000 000000 000008 000000 000000 000005 000013 000008 -99999M000000 -99999M000000 000000 000000 000000 000005 000020 000013 000003 000000 000000 -99999M
6104175196512125000000 000000 000005 -99999M000005 -99999M000000 000000 000000 000000 000000 000005 000008 000005 -99999M000000 000000 000000 000000 000000 000000 000000 000005 000005 000005I000000 000000 000000 000000 000005 -99999M
6104175196601125000000 000005 -99999M000000 000000 000000 000000 000000 000000 000000 000000 000000 000000 000000 000000 000000 000000 000000 000000 000000 000000 000000 000000 000000 000000 000000 000000 000000 000000 000000 000000 
6104175196602125000000 000000 000000 000000 000000 000000 000000 000000 000003 000005 -99999M000000 000000 000000 000000 000000 000000 000000 000000 000000 000000 000000 000000 000000 000000 000000 000000 000015 -99999M-99999M-99999M
6104175196603125000005 000000 000000 000008 000010 000000 000000 000000 000000 000000 000000 000010 -99999M000000 000000 000000 000000 000005 000005 000000 000000 000003 000000 000008 -99999M000000 000000 000000 000003 000003 000000 
6104175196604125000000 -99999M000000 000000 000005 000003 000003 000000 000000 000003 000000 000000 000000 000000 000000 000000 000000 000000 000005 -99999M000013 000000 000000 -99999M000000 000000 000000 000000 000000 000003 -99999M
6104175196605125000000 000000 000005 000000 000000 000000 000000 000000 000000 000000 000000 000005 -99999M000000 000000 000005 000000 000005 -99999M000000 000000 000000 000000 000010 -99999M000000 000000 000000 000008 000000 000000 
6104175196606125000005 000000 000000 000010 -99999M000046 -99999M000005 000013 -99999M000000 000000 000000 000038 000005 000005 000000 000000 000000 000003 000000 000000 000000 000000 000000 000000 000000 000000 000000 000000 -99999M
6104175196607125000000 000000 000013 -99999M000000 000005 000000 000000 000000 000000 000000 000000 000000 000000 000000 000000 000000 000028 -99999M000000 000030 000000 000000 000000 000000 000000 000005 000005 000000 000000 000000 
6104175196608125000000 000033 000000 000000 000000 000000 000000 000000 000005 000013 000000 000013 -99999M000000 000025 000010 -99999M000000 000000 000000 000000 000008 000000 000000 000008 000000 000038 000000 000000 000023 000000 
6104175196609125000000 000008 000041 000051 000000 000015 000000 000000 000000 000000 000000 000000 000000 000005 000005 000000 000000 000000 000000 000000 000010 000008 000000 000000 000000 000000 000000 000000 000030 -99999M-99999M
6104175196610125000000 000000 000000 000010 000000 000000 000000 000000 000015 000008 000003 000000 000000 000000 000008 -99999M000005 000000 000003 000000 000000 000000 000000 000000 000000 000000 000000 000000 000000 000000 000003 
6104175196611125000008 000036 000000 -99999M000003 -99999M000023 000010 000010 000010 000000 -99999M000000 000000 000000 000008 000003 000000 000000 000000 000000 000000 000008 000010 000010 000000 000000 000008 -99999M000000 -99999M
6104175196612125000000 000000 000000 000000 000003 000008 000005 -99999M000003 000008 -99999M000000 000000 000000 000000 000000 000003 -99999M000000 000003J000000 000000 000000 000000 000005 -99999M000000 000000 -99999M000000 000000 
6104175196701125000003 000000 000000 000000 000000 000000 000005 000000 000000 000000 000000 000000 000000 000000 000000 000000 000005 000000 000000 000000 000000 000005 000003I000015 000020 000000 000005 -99999M000000 000000 000000 
6104175196703125000000 000000 000000 000000 000000 000000 000000 000000 000000 000000 000000 000000 000000 000000 000000 000000 000000 000000 000000 000000 000000 000000 000000 000000 000000 000000 000003 000000 000000 000000 000000 
6104175196704125000000 000030 -99999M000000 000003 000005 000000 000000 000003 -99999M000000 000000 000000 000020 -99999M000000 000008 000000 000000 000000 000028 000000 000000 000000 000000 000000 000000 000000 000000 000000 -99999M
6104175196705125000000 000018 000000 000000 000003 000000 000013 000000 000008I000000 000005 000000 000000 000005 000000 000000 000000 000013 -99999M000000 000000 000000 000000 000000 000000 000000 000000 000000 000000 000000 000000 
6104175196706125000000 000000 000000 000000 000000 000000 000015 000008 000000 000000 000000 000000 000000 000015 000061 000020 000028 -99999M000000 000000 000018 000008 000000 000010 000013 000000 000000 000000 000003 000003 -99999M
6104175196707125000025 000008 -99999M000000 000000 000000 000000 000000 000000 000000 000018 -99999M000000 000000 000003 -99999M000000 000000 000000 000000 000000 000000 000010 000020 -99999M000000 000003 000051 -99999M000000 000000 
6104175196708125000000 000000 000000 000000 000000 000000 000000 000000 000008 000000 000000 000000 000000 000000 000000 000000 000000 000023 -99999M000000 -99999M000000 000000 000000 000000 000000 000030 -99999M000000 000010 -99999M
6104175196709125000000 000033 -99999M000000 000000 000000 000000 000000 000005 000000 000000 000000 000000 000000 000000 000000 000000 000000 000000 000008 000124 000005 000015 -99999M000000 000000 000018 000013 000000 000000 -99999M
6104175196710125-99999M000000 000000 000003 000000 000000 000000 000005 000000 000000 000000 000000 000000 000003 000023 000005 000005 000010 000003 -99999M000008 000000 000000 000000 000008 000003 000003 -99999M000000 000000 000000 
6104175196711125000000 000005 000003 000003 000000 000000 000000 000003 000003 000000 000003 000005 -99999M000000 000000 000000 000005 000003 000000 000000 000003 000013 -99999M000000 000005 -99999M000000 000000 000000 000000 -99999M
6104175196712125000000 000003 -99999M000000 000000 000000 000005 -99999M000000 000003 000013 000003 000000 000000 000000 000000 000000 000020 000000 000000 000005 -99999M000000 000000 000000 000000 000000 000000 000000 000000 000000 
6104175196801125000000 000000 000000 000000 000000 000000 000000 000000 000000 000000 000000 000000 000000 000005 -99999M000000 000000 000003 000000 000000 000000 000000 000000 000000 000000 000000 000003 000000 000008 -99999M000000 
6104175196802125000005 000005 -99999M000000 000000 000000 000000 000000 000000 000000 000000 000000 000000 000000 000000 000000 000000 000000 000000 000000 000000 000000 000000 000000 000000 000000 000000 000000 000000 -99999M-99999M
6104175196803125000000 000000 000000 000000 000000 000000 000000 000000 000000 -99999M000000 000000 000000 000000 000003 000003 -99999M000000 000000 000005 000005 000008 000018 -99999M000000 000008 000000 000000 000000 000000 000020 
6104175196804125-99999M000000 000005 000013 000000 000000 000000 000000 000000 000000 000000 000000 000000 000003 -99999M000000 000000 000000 000000 000000 000000 000005 000008 000003 000000 000000 000000 000000 000000 000005 -99999M
6104175196805125000000 000003 000005 000000 000000 000000 000000 000000 000030 000000 000003 000005 000000 000000 000000 000008 000000 000005 000023 000008 000005 000000 000000 000000 000000 000000 000000 000005 000008 -99999M000005 
6104175196806125000003 000008 000030 000000 000000 000000 000000 000000 000005 000003 000071 -99999M000000 000000 000003 -99999M000000 000013 000013 000000 000008 -99999M000018 -99999M000005 -99999M000008 000030 -99999M000015 -99999M
6104175196807125000000 000000 000000 000000 000025 -99999M000000 000000 000003 -99999M000000 000000 000000 000000 000000 000000 000000 000000 000008 000000 000000 000000 000003 000003 000000 000000 000064 000003 000000 000000 000015 
6104175196808125-99999M000000 000000 000000 000053 -99999M000000 000000 000003 -99999M000000 000000 000000 000000 000000 000061 000003 000000 000025 000005 000000 000010 000000 000000 000000 000005 000000 000000 000000 000000 000000 
6104175196809125000000 000104 000000 000000 000013 000005 000000 000000 000000 000015 000030 000000 000000 000000 000000 000000 000000 000000 000000 000000 000000 000000 000000 000025 -99999M000000 000000 000000 000000 000000 -99999M
6104175196810125000000 000041 000010 000005 000000 000005 000010 000000 000000 000005 000000 000000 000000 000000 000000 000000 000000 000013 000003 000000 000000 000005 000003 000015 000003I000003 000000 000000 000000 000000 000000 
6104175196811125000000 000000 000000 000000 000000 000003 000003 -99999M000003 000003 000000 000003I000000 000000 000003 000000 000005 000005 000003 000000 -99999M000003 000000 000003 -99999M000005 -99999M000028 000005 000000 -99999M
6104175196812125000000 000000 000005 000008 000005 000000 000000 000000 000000 000000 000000 000000 000000 000000 000000 000000 000000 000000 000000 -99999M000000 000000 000000 000000 000000 000000 000000 000005J-99999M000000 000000 
6104175196901125000000 000000 000000 000000 000000 000000 000000 000000 000000 000000 000000 000000 000000 000000 000000 000000 000000 000003 000000 000000 000000 000000 000005 000010 000000 000000 000000 000003 000005 000008 -99999M
6104175196903125000000 000000 000000 000000 000000 000000 000000 000000 000000 000000 000000 000000 000000 000000 000000 000000 000000 000000 000005 000005 -99999M000000 000000 000010 000000 000000 -99999M000003 -99999M000000 000000 
6104175196904125000005 000000 000000 000005 000000 000000 000000 000000 000000 000010 000000 000000 000000 000000 000005 000000 000000 000005 -99999M000000 000003 000005 000005 000000 000000 000000 000000 000008 000000 000000 -99999M
6104175196906125000003 000005 -99999M000000 000003 000003 000000 000000 000000 000000 000000 000010 -99999M000010 000008I-99999M000003 000003 000003 000000 000000 000000 000023 000000 000000 000000 000061 000000 000015 000025 -99999M
6104175196907125000000 000000 000010 -99999M-99999M000000 000000 000003 000000 -99999M000000 000036 000000 000000 000000 000000 000000 000000 000000 000000 000069 000000 000000 000005 000003 000028 -99999M000010 000000 000000 000000 
6104175196908125000038 -99999M000000 000000 000000 000018 000000 000025 000000 000000 000000 000000 000000 000000 000000 000013 -99999M000015 -99999M000000 000000 000000 000000 000000 000010 000000 000000 000000 000003 -99999M000000 
6104175196909125000008 -99999M000000 000000 000010 000000 000000 000000 000005 000000 000003 000000 000000 000000 000000 000008 000005 000000 000000 000000 000000 000000 000000 000008 000000 000000 000015 000000 000000 000003 -99999M
6104175196910125000000 000010 -99999M000000 000000 000000 000008 000000 000000 000000 000000 000000 000008 000000 000000 000008 000018 000000 000008 000030 000010 -99999M000000 000000 -99999M000010 -99999M000000 000000 000000 000003 
6104175196912125000000 000000 000000 000000 000000 000000 -99999M000005 -99999M-99999M000005 000000 000000 000000 000000 000000 000000 000000 000000 000000 000000 000000 000000 000000 000000 000000 000000 000000 000000 000000 000000 
6104175197001125000000 000000 000000 000000 000000 000000 000000 000000 000000 000000 000000 000000 000000 000000 000000 000000 000000 000000 000000 000000 000000 000000 000000 000000 000000 000000 000000 000008 000003I000000 000000 
6104175197002125000000 000008 000000 000000 000000 000000 000000 000000 000000 000005 000003 000000 000000 000000 000000 000000 000000 000003 000000 000000 000000 000000 000000 000000 000000 000000 000000 000000 -99999M-99999M-99999M
6104175197003125000000 000000 000000 000005H000008 000000 000000 000000 000000 000000 000000 000000 000000 000000 000000 000000 000000 000000 000000 000005 000003I000003 000003 000005 000000 000010H000000 000003 000000 000000 000000 
6104175197004125000000 000010 000005 000000 000000 000000 000000 000003 000000 000000 000000 000000 000000 000000 000000 000000 000000 000000 000000 000005I000005 000000 000003 000005 000005 000000 000000 000000 000000 000000 -99999M
6104175197005125000018 000003 000000 000003I000008 000000 000000 000000 000005 000003 000005 000000 000000 000000 000003 000010 000008 000000 000000 000000 000000 000003 000000 000000 000013 000008 000000 000000 000000 000000 000000 
6104175197006125000008 000000 000000 000000 000000 000000 000000 000000 000000 000000 000010 000000 000000 000000 000000 000000 000018 000005 000000 000000 000000 000000 000000 000008 000000 000010I000005 000000 000003 000003 -99999M
6104175197007125000005 000000 000000 000023 000003 000000 000000 000000 000000 000056 000015 000000 000000 000005 000053 000028 000000 000003I000018 000028 000003 000000 000000 000000 000000 000000 000000 000000 000000 000000 000000 
6104175197008125000000 000000 000015 000000 000000 000000 000000 000000 000000 000000 000000 000000 000000 000000 000000 000003 000000 000000 -99999M000000 000000 000000 000005 000000 000000 000000 000000 000000 000000 -99999M000000 
6104175197009125000000 000000 000005 000036 000000 000000 000000 000000 000000 -99999M000000 000000 000003I000000 000003I-99999M000005 000005 000000 000000 000003 000000 000000 000000 000005 000048 000005 000003 000003 000051 -99999M
6104175197010125000000 000010 -99999M000000 000000 000036 000000 000000 000000 000008 000005 000008 000008 000005 000008 000000 000000 000000 000000 000000 -99999M000013 000003 000000 000000 000000 000000 000000 000000 000005 -99999M
6104175197011125000003 000003 000000 000000 000000 000000 000000 000000 000000 000005 000005 000008 000003 000003 000003 000000 000000 000000 000000 000008 000000 000005 000000 000000 000000 000000 000003 000008 000013 000000 -99999M
6104175197012125000000 000000 000005 000005 000000 000000 000000 000000 000005 000000 000000 000000 000000 000000 000000 000000 000000 000000 000005 000000 000000 000000 000000 000000 000000 000000 000000 000000 000000 000000 000000 
6104175197101125000000 000000 000000 000008H000000 000000 000000 000000 000000 000000 000000 000000 000000 000000 000000 000000 000000 000000 000000 000000 000000 000000 000000 000000 000000 000005 000000 000000 000000 000000 000000 
6104175197102125000000 000000 000000 000000 000008H000000 000000 000000 000000 000000 000000 000005 000000 000000 000000 000000 000000 000000 000000 000005H000000 000000 000010H000000 000000 000000 000005 000000 -99999M-99999M-99999M
6104175197103125000000 000000 000000 000000 000000 000000 000010 000000 000000 000000 000000 000000 000000 000000 000003I000000 000000 000000 000000 000000 000000 000000 000000 000000 000000 000000 000000 000000 000000 000000 000000 
6104175197104125000003 000003 000000 000000 000000 000000 000000 000000 000003 000000 000000 000000 000013 000003 000000 000000 000000 000000 000000 000003I000003 000003 000000 000003 000003I-99999M000000 000008 000003 000005 -99999M
6104175197105125000003 000005 000003 000000 000000 000000 000000 000003 000005 000000 000000 000015 000000 000000 000000 000003 000000 000000 000000 000010 000000 000000 000000 000003 000003 000005 -99999M000000 000000 000000 000000 
6104175197106125000000 000010 000008 -99999M000000 000000 000000 000020 000000 000000 000000 000010 000000 000000 000000 000000 000000 000000 000000 000010 000008 000000 000000 000000 000013 000000 000000 000000 000008 000000 -99999M
6104175197107125000003 000000 000000 000000 000010 000023 000000 000000 000000 000000 000000 000000 000013 000081 000000 000003 000028 000000 000003 000000 000000 000000 000000 000003 000000 000018 000000 000000 000010 000000 000013 
6104175197108125000000 000000 000000 000000 000000 000000 000000 000000 000000 000000 000003 000000 000000 000030 000000 000000 000000 000000 000000 000003 000003 000015 000015 000000 000000 000003 000008 000020 000000 000003 000000 
6104175197109125000000 000000 000000 000000 000005I000008 000000 000000 000000 000000 000018 000000 000008 000003 000000 000000 000000 000000 000008 000005 000000 000000 000013 000000 000000 000000 000000 000000 000056 000000 -99999M
6104175197110125000000 000000 000000 000025 000000 000071 000000 000000 000005 000005 000008 000003 000003 000000 000000 000000 000000 000000 000000 000000 000000 000000 000000 000010 000005I000000 000000 000000 000000 000000 000000 
6104175197204125000005 000000 000000 000000 000000 000000 000000 000000 000000 000000 000003 000000 000020 000000 000008 000003 000000 000003 000003 000003 000000 000005 000003 000000 000000 000000 000000 000000 000000 000000 -99999M
6104175197205125000003 000005 000097 000003 000003 000008 000000 000000 000000 000000 000000 000000 000000 000003 000003I000013 000000 000003 000000 000000 000000 000000 000000 000000 000000 000000 000000 000000 000000 000043 000003 
6104175197206125000013 000000 000000 000000 000000 000000 000000 000005 000064 000000 000000 000000 000000 000000 000003 000000 000000 000000 000000 000000 000018 000005 000020 000003 000005 000003 000010I000000 000000 000005 -99999M
6104175197207125000003 000000 000003 000000 000000 000000 000000 000000 000000 000018 000000 000000 000015 000000 000038 000013 000000 000000 000000 000005 000000 000020 000005 000005I000043 000005I000000 000000 000000 000000 000000 
6104175197208125000003 000005 000000 000000 000000 000000 000056 000005 000041 000000 000000 000003I000000 000013 000000 000010 000000 000005 000000 000000 000000 000000 000036 000000 000003 000000 000003I000003 000013 000000 000000 
6104175197209125000000 000000 000008 000000 000000 000000 000000 000008 000000 000000 000000 000000 000000 000000 000000 000000 000000 000005 000000 000000 000000 000000 000000 000005 000008 000005 000000 000000 000018 000015 -99999M
6104175197210125000000 000003I000000 000000 000000 000046 000015 000005I000000 000000 000003 000003 000000 000003 000000 000003 000030 000000 000000 000000 000000 -99999M000030 000013 000000 000000 000000 000005 000003 000000 000000 
6104175197304125000008 000003 000003 000005 000003 000000 000000 000000 000000 000000 000000 000000 000000 000000 000000 000003 000005 000000 000000 000000 000003I000013 000000 000000 000000 000000 000010 000003 000003I000000 -99999M
6104175197305125000003 000003 000003 000003 000000 000000 000000 000005 000003 000005 000018 000003 000000 000000 000000 000000 000005 000003 000003 000003 000020 000000 000000 000000 000000 000003 000000 000008 000005 000000 000005 
6104175197306125000018 000000 000000 000003 000000 000003 000028 000000 000003 000000 000000 000046 000000 000000 000000 000005 000000 000003 000000 000000 000000 000000 000000 000000 000000 000000 000000 000005 000041 000000 -99999M
6104175197307125000000 000000 000000 000003 000043 000000 000000 000000 000000 000003 000000 000000 000008 000000 000003 000000 000000 000000 000000 000003 000000 000000 000000 000000 000000 000020 000003 000041 000000 000000 000005 
6104175197308125000043 000000 000000 000028 000000 000013 000000 000000 000000 000003 000003I000000 000000 000000 000000 000000 000000 000000 000003 000000 000041 000000 000000 000000 000000 000010 000000 000000 000000 000000 000000 
6104175197309125000000 000025 000005 000000 000000 000086 000005 000000 000000 000000 000000 000000 000000 000000 000000 000000 000005 000015 000000 000008 000000 000036 000005 000000 000000 000000 000000 000000 000000 000000 -99999M
6104175197310125000000 000003 000033 000000 000046 000000 000000 000000 000000 000000 000000 000000 000015 000008 000008I000000 000000 000003 000003 000000 000000 000000 000000 000000 000000 000000 000003I000003I000003 000005 000003 
6104175197404125000000 000003 000000 000015 000000 000000 000003 000000 000000 000000 000000 000003 000003I000010 000000 000000 000000 000000 000000 000000 000000 000008 000003 000003 000000 000000 000000 000000 000005 000008 -99999M
6104175197405125000005 000000 000003 000000 000000 000005 000003 000003 000005 000005 000000 000005 000003 000000 000003 000010 000005 000000 000000 000000 000000 000000 000010 000000 000000 000005 000000 000000 000003 000000 000015 
6104175197406125000000 000000 000003I000000 000000 000000 000000 000000 000000 000038 000000 000005 000000 000000 000008 000005 000003 000000 000013 000000 000003 000025 000000 000000 000003I000000 000000 000000 000010 000003 -99999M
6104175197407125000000 000005 000028 000003 000005 000000 000000 000000 000015 000000 000000 000000 000000 000000 000005 000000 000000 000000 000000 000000 000000 000000 000013 000018 000000 000003 000010 000000 000018 000000 000000 
6104175197408125000000 000000 000000 000008 000000 000000 000000 000000 000000 000000 000000 000000 000000 000000 000000 000000 000005 000000 000000 000000 000000 000000 000000 000000 000000 000000 000015 000000 000003 000000 000005 
6104175197409125000000 000000 000005 000000 000000 000000 000000 000000 000005 000000 000000 000008 000003 000000 000003 000000 000008 000000 000000 000005 000003 000003 000000 000000 000013 000003I000000 000015 000020 000000 -99999M
6104175197410125000000 000008 000000 000000 000000 000000 000003 000000 000000 000000 000000 000018 000000 000020 000003 000000 000005 000000 000000 000000 000000 000003 000000 000000 000010 000000 000000 000000 000000 000048 000000 
6104175197505125000005 000000 000000 000003 000005 000000 000000 000000 000000 000000 000000 000000 000000 000000 000010 000000 000000 000000 000000 000000 000000 000000 000000 000000 000000 000015 000008 000000 000000 000020 000033 
6104175197506125000008 000000 000005 000000 000013 000005 000005 000076 000000 000000 000000 000013 000013 000008 000000 000015 000000 000000 000003 000000 000000 000000 000000 000000 000000 000000 000000 000000 000000 000000 -99999M
6104175197507125000000 000023 000000 000000 000000 000000 000000 000000 000003 000005 000003 000000 000000 000000 000000 000000 000000 000000 000003 000005 000018 000000 000000 000000 000000 000000 000003 000008 000000 000000 000000 
6104175197508125000000 000000 000046 000000 000000 000003 000000 000000 000000 000000 000013 000000 000046 000000 000000 000000 000000 000000 000000 000000 000000 000000 000000 000013 000008 000003 000000 000000 000003 000003 000000 
6104175197509125000000 000005 000000 000000 000000 000000 000000 000008 000000 000000 000030 000010 000015 000000 000000 000005 000003 000005 000005 000013 000003 000000 000000 000005 000028 000010 000000 000000 000000 000000 -99999M
6104175197510125000005 000000 000000 000000 000000 000000 000000 000000 000000 000003 000003 000000 000010 000000 000000 000000 000003 000005 000005 000003 000003 000000 000000 000000 000000 000000 000000 000000 000000 000000 000000 
6104175197604125000008 000005 000000 000000 000000 000000 000000 000000 000000 000003 000000 000000 000000 000000 000005 000003 000000 000000 000000 000000 000020 000018 000008 000000 000005 000003 000003I000003 000000 000000 -99999M
6104175197605125000003 000003 000000 000003 000000 000003 000008 000003 000000 000000 000005 000005 000000 000005 000000 000003 000000 000005 000010 000003 000005 000003 000000 000000 000000 000000 000000 000000 000000 000000 000003 
6104175197606125000003 000000 000000 000000 000000 000028 000008 000000 000000 000000 000005 000000 000003 000036 000008 000081 000000 000000 000041 000003 000005 000003 000000 000005 000008 000015 000000 000008 000005 000005 -99999M
6104175197607125000003 000003 000003 000000 000003 000000 000003 000058 000000 000000 000061 000003 000005 000000 000000 000003 000000 000000 000000 000005 000000 000000 000003 000000 000000 000003 000015 000000 000008 000000 000005 
6104175197608125000000 000000 000000 000000 000003 000000 000008 000023 000000 000000 000000 000008 000005 000000 000000 000000 000000 000000 000000 000000 000000 000000 000000 000000 000000 000000 000003 000109 000000 000000 000000 
6104175197609125000008 000000 000000 000003 000000 000000 000000 000000 000000 000023 000008 000000 000000 000000 000000 000000 000005 000000 000000 000008 000000 000028 000003 000000 000000 000005 000003 000000 000000 000000 -99999M
6104175197610125000000 000000 000000 000000 000000 000008 000000 000003 000010 000003 000000 000000 000013 000000 000005 000000 000000 000000 000000 000005 000005 000003 000000 000003 000003 000000 000000 000000 000000 000000 000005 
6104175197704125000000 000018 000005 000005 000005 000000 000000 000000 000000 000000 000000 000000 000008 000000 000000 000000 000000 000000 000000 000000 000005 000005 000003 000003 000003 000000 000000 000003 000000 000000 -99999M
6104175197705125000000 000010 000000 000000 000020 000000 000000 000008 000003 000000 000000 000000 000000 000000 000000 000000 000000 000023 000000 000000 000000 000000 000000 000000 000000 000000 000000 000005 000000 000000 000000 
6104175197706125000008 000003 000000 000000 000000 000000 000003 000003 000000 000000 000000 000000 000000 000000 000000 000000 000003 000036 000000 000013 000005 000000 000000 000000 000018 000000 000000 000008 000015 000000 -99999M
6104175197707125000015 000000 000000 000000 000000 000003 000003 000008 000025 000000 000000 000008 000000 000000 000000 000000 000081 000000 000000 000000 000008 000000 000000 000000 000000 000000 000000 000000 000025 000003 000061 
6104175197708125000000 000000 000000 000051 000020 000005 000000 000000 000000 000023 000003 000003 000000 000005 000000 000038 000008 000000 000018 000000 000003 000033 000000 000005 000000 000000 000000 000000 000000 000000 000000 
6104175197709125000025 000005 000000 000000 000018 000000 000000 000000 000000 000023 000000 000000 000013 000015 000000 000005 000003 000003 000000 000005 000005 000003 000000 000000 000005 000025 000005 000003 000000 000003 -99999M
6104175197710125000008 000003 000005 000000 000008 000000 000000 000010 000005 000000 000003 000003 000000 000005 000000 000003 000003 000003 000000 000000 000003 000005 000000 000000 000000 000000 000000 000000 000000 000000 000000 
6104175197804125000012 000000 000000 000007 000000 000000 000007 000000 000000 000002 000008 000002 000000 000000 000000 000000 000000 000000 000005 000004 000002 000000 000000 000000 000000 000000 000000 000000 000000 000000 -99999M
6104175197805125000000 000000 000000 000000 000003 000002 000004 000007 000019 000002 000000 000002 000002 000002 000004 000002 000004 000000 000000 000006 000000 000000 000000 000000 000000 000000 000000 000000 000000 000000 000000 
6104175197806125000000 000004 000000 000000 000008 000000 000006 000000 000020 000000 000000 000008 000005 000000 000000 000000 000000 000006 000005 000000 000000 000010 000000 000000 000000 000002 000000 000033 000000 000000 -99999M
6104175197807125000000 000000 000000 000000 000000 000000 000000 000000 000002 000000 000000 000000 000007 000000 000000 000000 000000 000000 000000 000000 000000 000000 000000 000000 000000 000012 000006 000000 000011 000000 000002 
6104175197808125000000 000000 000022 000000 000000 000000 000000 000002I000006 000000 000000 000000 000000 000000 000002 000033 000000 000000 000017 000000 000000 000000 000000 000010 000000 000012 000000 000041 000003 000000 000000 
6104175197809125000000 000000 000074 000000 000000 000004 000000 000000 000000 000010 000064 000008 000000 000000 000021 000003 000000 000004 000000 000000 000007 000000 000000 000000 000000 000000 000004 000002 000000 000000 -99999M
6104175197810125000005 000000 000000 000012 000000 000008 000004 000000 000000 000000 000000 000003 000006 000004 000000 000000 000000 000003 000002 000000 000000 000000 000002 000000 000004 000010 000004 000000 000000 000000 000000 
6104175197904125000000 000005 000000 -99999M-99999M000000 000000 000000 000000 000000 000000 000000 000010 000000 000002 000003 000000 000000 000000 000000 000005 000000 000000 000000 000000 000006 000005 000000 000000 000005 -99999M
6104175197905125000000 000000 000007 000000 000000 000003 000000 000000 000000 000000 000002I000009 000000 000000 000007 000000 000000 000000 000000 000017 -99999M-99999M-99999M-99999M-99999M-99999M-99999M-99999M-99999M-99999M-99999M
6104175197906125000000 000000 000000 000000 000004 000000 000006 000002 000000 000012 000002 000000 000000 000000 000000 000002 000002I000000 000000 000000 000010 000010 000004 000000 000000 000000 000004 000000 000002 000006 -99999M
6104175197907125000000 000002 000000 000009 000000 000000 000000 000000 000000 000004 000000 000000 000000 000000 000000 000004 000000 000000 000000 000000 000000 000000 000000 000000 000020 000006 000000 000004 000000 000004 000006 
6104175197908125000000 000064 000000 000000 000000 000000 000004 000000 000024 000005 000000 000000 000005 000000 000004 000000 000005 000004 000005 000000 000000 000000 -99999M000049 000000 000008 000000 000046 000005 000074 000000 
6104175197909125000000 000061 000000 000000 000002 000043 000000 000000 000000 000002 000000 000000 000022 000031 000000 000000 000000 000005 000000 000000 000000 000000 000000 000000 000000 000000 000000 000004 000000 000000 -99999M
6104175197910125000004 000000 000003 000005 000022 000005 000002I000004 000004 000013 000003 -99999M000000 000000 000002 000000 000002 000000 000008 000040 000000 000000 -99999M000002I000000 000000 000003 000005 000000 000000 000000 
6104175198004125000003 000003 000007 000003 000000 000000 000000 000008 000035 000003 000004 000006 000000 000007 000003 000000 000003 000000 000000 000000 000000 000000 000000 000007 000005 000000 000004 000008 000003 000000 -99999M
6104175198005125000000 000000 000000 -99999M000000 000001 000004 000000 -99999M000000 000003 000000 000005 000000 000002 000000 -99999M000018 000000 000000 000000 000000 000000 000000 000000 000000 000000 000000 000000 000016 000002 
6104175198006125000003 000000 000005 000000 000000 000003 -99999M000002 000011 000006 -99999M000000 000000 000013 000012 000000 000000 000003 000018 000008 000000 000000 000000 000000 000000 000006 000000 000000 000018 000004 -99999M
6104175198007125000005 000000 000000 000000 000000 000000 000000 000070 000000 000000 000004 000000 000000 000002I000004 000000 000000 000000 000000 000009 000030 000005 000035 000000 000000 000004 000000 000018 000012 000000 000000 
6104175198008125000000 000009 000000 000000 000002I000000 000000 000000 000000 000000 000036 000016 000004 000010 000000 000000 000000 000002 000018 000000 000000 000000 000000 000000 000000 000002 000018 000000 000000 000000 000086 
6104175198009125000002 000014 000000 000000 000000 000000 000000 000000 000029 000000 000000 000002 000038 000021 000000 000002 000002 000000 000000 000003 000007 000027 000000 000000 000036 000002 000000 000000 000000 000000 -99999M
6104175198010125000000 000018 000007 000024 000000 000006 000006 000000 000000 000027 000002 000000 000000 000000 000000 000002 000005 000000 000002 000000 000002I000000 000000 000006 000014 000007 000002 000000 000000 000000 000000 
6104175198104125000008 000000 000007 000008 000000 000000 000000 000003 000002 000011 000002 000000 000009 000024 000000 000000 000013 000000 000002 000000 000000 000000 000007 000003 000002 000000 000000 000010 000005 000000 -99999M
6104175198105125000000 000000 000000 000000 000004 000002 000000 000000 000000 000012 000016 000006 000000 000002 000019 000003 000000 000000 000000 000000 000000 000000 000000 000000 000002 000000 000046 000002 000018 000008 000000 
6104175198106125000000 000000 000021 000002 000000 000006 000000 000020 000000 000004 000000 000005 000005 000026 000004 000002 000000 000000 000000 000000 000014 000024 000000 000003 000000 000006 000000 000000 000000 000023 -99999M
6104175198107125000002 000002 000006 000000 000000 000000 000000 000000 000025 000000 000000 000002 000007 000000 000000 000000 000015 -99999M000014 000010 000000 000000 000000 000000 000000 000005 000000 000015 000002 000000 000000 
6104175198108125000000 000000 000000 000003 000004 000000 000045 000021 000000 000003 000064 000000 000000 000007 000060 000002 000000 000000 000000 000000 000000 000000 000000 000005 000000 000000 000003 000007 000002 000015 000000 
6104175198109125000006 000017 000008 000011 000002 000003 -99999M000046 000000 000040 000002 000000 000000 000000 000000 000000 000008 000000 000017 000004 000003 -99999M000005 000000 -99999M000007 000013 000004 000000 000000 -99999M
6104175198110125000003 000002 000000 000004 000000 000023 000002 000000 000000 000000 000000 000000 000000 000000 -99999M000000 000011 000006 -99999M000002 000002 000005 000003 000000 000013 000012 000012 000000 000000 000000 000000 
6104175198204125000000 000000 000006 000000 000000 000000 000000 000000 000000 000000 000002I000002 000005 000000 000000 000002 000019 000000 000001 000016 000000 000000 000000 000000 000000 000000 000003 000000 000000 000000 -99999M
6104175198205125000000 000004 000000 000000 000003 000000 000009 000009 000002 000000 000003 000004 000000 000000 000000 000003 000000 000000 000009 000002 000000 000003 000029 000018 000000 000000 000000 000029 000003 000029 000031 
6104175198206125000031 000000 000003 000002 000011 000005 000000 000000 000000 000015 000000 000002 000009 000000 000007 000000 000000 000005 000004 000017 000058 000000 000034 000000 000007 000000 000006 000005 000013 000002 -99999M
6104175198207125000000 000004 000000 000000 000000 000000 000019 000000 000000 000000 000093 000000 000000 000000 000000 000000 000035 000000 000000 000000 000000 000000 000000 000000 000000 000000 000006 000007 000000 000060 000000 
6104175198208125000006 000004 000000 000000 000000 000000 000000 000028 000000 000000 000000 000000 000008 000003 000000 000000 000000 000000 000038 000000 000000 000018 000000 000009 000024 000000 000002 000005 000000 000002 000002 
6104175198209125000022 000000 -99999M000000 000000 000003 000000 000000 000000 000000 000000 000000 000000 000006 000000 000000 000011 000005 000000 000005 000000 000005 000014 000004 000000 000013 000004 000000 000000 000000 -99999M
6104175198210125000004 000000 000000 000000 000000 000000 000052 000000 000000 000000 000005 000002 000024 000005 000002 000003 000000 000000 000000 000040 000000 000000 000000 000000 000000 000000 000000 000000 -99999M000000 000009 
6104175198305125-99999M-99999M000015 000004I000000 000002 000006 000006 000000 000000 000002 000000 000000 000019 000002 000000 000000 000000 000008 000000 000000 000008 000000 000000 000007 000000 000000 000000 000011 000004 000000 
6104175198306125000000 000000 000005 000000 000004 000006 000000 000000 000000 000000 000000 000000 000000 000000 000000 000000 000000 000000 000000 000000 000000 000000 000000 000008 000000 000043 -99999M000000 000000 000000 -99999M
6104175198307125000000 000000 000000 000008 000027 000000 000000 000004 000000 000000 000000 000000 000000 000000 000027 000000 000002 000000 000000 000000 000030 000000 000014 000000 000000 000000 000000 000008 000039 000000 000154 
6104175198308125000000 000000 000004 000000 000000 000005 000000 000065 000000 000000 000003 000000 000000 000000 000000 000000 000020 000000 000004 000000 000005 000022 000000 000000 000000 000000 000049 000000 000006 000002 000000 
6104175198309125000000 000000 000000 000000 000000 000014 000000 000000 000052 000000 000000 000000 000000 000000 000000 000009 000004 000003 000002 000000 000034 000000 000008 000000 000005 000000 000000 000000 000000 000000 -99999M
6104175198310125000000 000000 000004 -99999M000025 000002 000000 000015 000000 000000 000005 000015 000020 000002 000000 000000 000000 000000 000000 000000 000000 000004 000004 000000 000003 000002 000000 000008 000000 000000 000000 
6104175198404125000000 000000 000000 000019 000010 000002 000000 000000 000000 000000 000000 000000 000004 000006 000002 000006 000002 000000 000000 000000 000000 000000 000006 000006 000000 000000 000000 000016 000000 000006 -99999M
6104175198405125000000 000000 000005 000004 000000 000000 000003 000013 000000 000000 000008 000004 000002 000000 000000 000000 000000 000000 000000 000000 000000 000021 000013 000000 000000 000000 -99999M000006I000002 000000 000000 
6104175198406125000000 000000 000000 000000 000000 000000 000000 000000 000000 000000 000000 000000 000000 000000 000000 000000 000017 000021 000000 000000 000000 000000 000009 000025 000000 000000 000025 000000 000000 000000 -99999M
6104175198407125000000 000000 000000 000002 000000 000013 000000 000000 000000 000020 000018 000000 000000 000000 000029 000000 000008 000000 000000 000005 000000 000000 000000 000000 000000 000004 000011 000000 000000 000000 000000 
6104175198408125000004 000004 000000 000000 000000 000064 000000 000000 000002 000000 000033 000038 000021 000037 000000 000015 000000 000002 000000 000000 000000 000017 000002 000000 000000 000000 000000 000006 000046 000014 000044 
6104175198409125000000 000010 000000 000000 000004 000000 000000 000000 000006 000004 000004 000000 000003 000002 000000 000002 000000 000000 000000 000000 000000 000000 000000 000004 000017 000000 000000 000000 000000 000000 -99999M
6104175198410125000000 000005 000026 000000 000000 000000 000002 000002 000000 000000 000000 000000 000000 000000 000000 000000 000002 000000 000011 000000 000022 000000 000000 000000 000004 000000 000000 000000 000000 000000 000000 
6104175198504125000000 000000 000000 000007 000003 000006 000000 000000 000000 000002 000000 000000 000000 000002 000000 000000 000008 000011 000002 000000 000000 000000 000000 000000 000002 000000 000002 000000 000000 000002 -99999M
6104175198505125000004 000000 000000 000002 000006 000008 000000 000000 000000 000003 000000 000000 000000 000000 000000 000010 000000 000010 000007 000004 000000 000000 000000 000000 000012 000012 000012 000000 000000 000000 000036 
6104175198506125000000 000000 000000 000004 000008 000000 000002 000000 000002 000000 000004 000002 000002 000000 000002 000002 000008 000002 000000 000005 000000 000009 000000 000000 000000 000000 000000 000002 000008 000000 -99999M
6104175198507125000000 000010 000009 000000 000002 000002 000000 000000 000000 000000 000000 000000 000000 000000 000158 000000 000000 000000 000000 000000 000000 000000 000000 000000 000000 000005 000036 000000 000036 000000 000004 
6104175198508125000000 000000 000000 000000 000000 000000 000045 000000 000000 000002 000000 000000 000023 000005 000029 000000 000000 000002 000000 000000 000000 000000 000003 000018 000005 000044 000000 000020 000025 000010 000000 
6104175198509125000006 000000 000060 000004 000034 000017 000000 000000 000005 000000 000000 000000 000000 000000 000000 000000 000000 000000 000000 000000 000000 000000 000000 000002 000000 000005 000004 000000 000000 000000 -99999M
6104175198510125000011 000000 000000 000017 000012 000000 000000 000002 000003 000003 000000 000026 000000 000006 000004 000000 000000 000006 000002 000000 000000 000000 000000 000019 000000 000000 000000 000000 000000 000000 000000 
6104175198604125000000 000000 000000 000000 000007 000010 000008 000005 000005 000006I000000 000003 000000 000000 000003 000002 000000 000000 000002 000006 000000 000000 000000 000000 000000 000000 000000 000000 000000 000000 -99999M
6104175198605125000010 000000 000002 000004 000005 000000 000000 000000 000000 000000 000000 000000 000000 000004 000009 000014 000000 000044 000009 000025 000005 000010 000007 000002 000000 000000 000000 000000 000003 000003 000000 
6104175198606125000009 000000 000000 000000 000002 000000 000008 000000 000000 000019 000005 000044 000000 000000 000000 000024 000000 000000 000006 000000 000000 000002 000000 000012 000000 000000 000003 000000 000000 000000 -99999M
6104175198607125000006 000014 000000 000003 -99999M000000 000000 000000 000000 000000 000000 000012 000023 000000 000017 000000 000000 000008 000002 000020 000000 000000 000000 000000 000003 000002 000000 000000 000016 000003 000004 
6104175198608125000019 000000 000000 000000 000000 000034 000014 000048 000004 000048 000000 000000 000000 000064 000070 000000 000000 000016 000000 000016 000009 000000 000011 000000 000000 000046 000000 000000 000000 000000 000000 
6104175198609125000000 000000 000000 000005 000000 000000 000004 000000 000000 000042 000014 000000 000000 000000 000012 000000 000000 000000 000004 000003 000000 000039 000006 000000 000008 000000 000000 000006 000038 000019 -99999M
6104175198704125000000 000000 000004 000004 000005 000003 000000 000000 000000 000000 000000 000003 000000 000003 000000 000000 000000 000000 000000 000000 000000 000008 000010 000000 000000 000000 000003 000004 000007 000000 -99999M
6104175198705125000000 000000 000000 000000 000000 000000 000000 000000 000009 000009 000004 000000 000000 000027 000000 000006 000000 000000 000002 000000 000013 000003 000000 000000 000000 000005 000022 000003 000002 000000 000030 
6104175198706125000004 000000 000023 000000 000038 000004 000031 000007 000004 000000 000004 000007 000004 000000 000000 000000 000000 000000 000018 000000 000000 000003 000000 000000 000000 000007 000008 000000 000027 000000 -99999M
6104175198707125000000 000038 000011 000000 000000 000000 000000 000000 000000 000000 000000 000000 000000 000040 000000 000000 000000 000004 000002 000000 000000 000000 000000 000031 -99999M000000 000010 000000 000000 000000 000000 
6104175198708125000000 000004 000000 000019 000000 000000 000003 000000 000004 000000 000000 000000 000000 000000 000000 000000 000000 000000 000000 000000 000031 000000 000000 000000 000006 000000 000000 000006 000000 000000 000029 
6104175198709125000000 000000 000000 000000 000000 000000 000019 000022 000002 000000 000018 000010 000019 000000 000000 000000 000004 000006 000005 000021 000000 000000 000006 000000 000000 000000 000013 000000 000024 000000 -99999M
6104175198710125000000 000008 000000 000000 000000 000006 000040 000002 000002 000000 000000 000000 000000 000000 000000 000000 000007 000000 000000 000018 000000 000013 000000 000009 000000 000000 000005 000000 000000 000002 000000 
6104175198804125000000 000004 000011 000004 000000 000000 000004 000002 000000 000000 000000 000002 000003 000004 000000 000000 000002 000002I000000 000006 000000 000000 000006 000000 000000 000006 000011 000002 000004 000004 -99999M
6104175198805125000000 000000 000000 000000 000000 000000 000000 000000 000003 000000 000000 000002 000006 000000 000010 000003 000004 000006 000008 000005 000000 000000 000000 000000 000000 000000 000000 000000 000000 000000 000010 
6104175198806125000004 000002 000019 000000 000000 000000 000000 000000 000000 000000 000000 000000 000000 000000 000000 000000 000000 000000 000000 000000 000000 000010 000000 000006 000008 000000 000000 000004 000003 000018 -99999M
6104175198807125000018 000000 000000 000000 000000 000000 000000 000000 000000 000002 000004 000005 000020 000039 000000 000010 000022 000000 000000 000005 000003 000000 000066 000000 000010 000000 000000 000000 000000 000000 000000 
6104175198808125000000 000000 000000 000000 000006 000025 000000 000000 000065 000000 000000 000000 000000 000018 000000 000000 000009 000000 000000 000005 000000 000000 000005 000017 000017 000001 000003 000004 000002 000019 000000 
6104175198809125000000 000000 000002 000005 -99999M000000 000000 000000 000000 000000 000000 000009 000000 000000 000000 000007 000033 000000 000000 000005 000004 000012 000000 000000 000000 000000 000007 000000 000000 000000 -99999M
6104175198810125000011 000023 000000 000007 000000 000003 000000 000000 -99999M000010 000000 000000 000000 000000 000000 000000 000015 000002 000000 000000 000004I000003 000005 000008 000016 000000 000009 000005 000000 000000 000000 
6104175198904125000000 000002 000003 000009 000002 000004 000000 000000 000000 000000 000000 000003 000003 000004 000003 000000 000004 000000 000000 000000 000000 000000 000000 000000 000000 000000 000000 000000 000004 000000 -99999M
6104175198905125000004 000005 000006 000000 000005 000007 000003 000000 000000 000002 000007 000003 000003 000000 000000 000000 000000 000000 000000 000004 000000 000000 000004 000000 000020 000013 000000 000000 000014 000004 000002 
6104175198906125000035 000009 000002 000000 000000 000000 000000 000000 000007 000003 000000 000000 000000 000000 000002 000014 000009 000002 000024 000017 000000 000002 000000 000000 000000 000000 000000 000000 000000 000000 -99999M
6104175198907125000000 000000 000000 000000 000000 000000 000006 000007 000002 000000 000000 000000 000000 000000 000000 000000 000000 000000 000000 000000 000000 000002 000000 000000 000000 000000 000017 000000 000000 000004 000000 
6104175198908125000000 000012 000000 000038 000000 000000 000000 000000 000000 000000 000000 000002I000000 000000 000005 000000 000000 000000 000014 000022 000000 000002 000000 000000 000000 000000 000000 000004 000013 000000 000009 
6104175198909125000015 000000 000000 000000 000000 000000 000000 000018 000000 000000 000000 000000 000004 000004 000000 000005 000000 000000 000003 000000 000002 000026I000002 000000 000000 000002 000000 000000 000000 000000 -99999M
6104175198910125000011 000012 000002 000009 000009 000002 000000 000000 000000 000006 000002 000000 000000 000005 000009 000011 000009 000000 000008 000019 000013 000000 000000 000000 000000 000000 000000 000000 000000 000000 000011 
6104175199004125000003 000005 000004 -99999M000000 000000 000000 000000 000005 -99999M000000 000000 000000 000003 000000 000003 000000 000000 000000 000005 000000 000000 000000 000014 000000 000000 000000 000000 000000 000000 -99999M
6104175199005125000000 000000 000000 000007 000003 000005 000003 000000 000000 000012 000000 000002 000005 000000 000000 -99999M000013 000004 000005 -99999M000000 000000 000000 000000 000000 000000 000000 000000 000003 000000 000000 
6104175199006125000000 000031 000006 000000 000002 000000 000000 000002 000011 000053 000000 000000 000010 000002 000000 000000 000074 000021 000008 000006 000043 000005 000007 000004 000000 000004 000003 000000 000018 000003 -99999M
6104175199007125000003 000000 000000 000000 000000 000000 000000 000019 000000 000000 000000 000000 000000 000000 000013 000000 000000 000000 000021 000005 000000 000017 000003 000000 000000 000000 000000 000000 000000 000004 000000 
6104175199008125000000 000000 000000 000006 000006 000000 000000 000000 000000 000000 000000 000012 000011 000000 000004 000000 000000 000015 000000 000000 000000 000000 000000 000000 000000 000022 000000 000046 000000 000000 000000 
6104175199009125000000 000000 000000 000000 000000 000002 000000 000000 000003 000002 000000 000000 000000 000014 000000 000000 000000 000000 000008 000000 000002 000015 000000 000004 000006 000000 000000 000019 000021 000010 -99999M
6104175199010125000017 000000 000010 000018 000000 000000 000006 000000 000014 000027 000004 000014 000002 000002 000000 000003 000000 000047 000000 000000 000004 000002 000003 000000 000006 000000 000004 000003 000000 000000 000000 
6104175199104125000005 000004 000000 000000 000003 000000 000014 000010 000057 000000 000000 000000 000004 000004 000007 000003 000000 000000 000008 -99999M000007 000003 000000 000000 000000 000000 000000 000000 000013 000004 -99999M
6104175199105125000012 000000 000000 000000 000008 000008 000000 000000 000002 000000 000000 000000 000006 000000 000000 000006 000008 000000 000000 000000 000000 000000 000000 000003 000002 -99999M000002 000000 000000 000030 000022 
6104175199106125000000 000000 000007 000000 000000 000000 000000 000000 000000 000003 000012 000002 000000 000000 000041 000027 000000 000000 000000 000000 000000 000000 000000 000000 000000 000000 000000 000000 000045 000000 -99999M
6104175199107125000000 000002 000000 000029 000004 000002 000012 000000 000000 000005 000000 000003 000002 000000 000000 000000 000000 000000 000000 000016 000026 000028 000000 000000 000000 000000 000000 000000 000000 000000 000000 
6104175199108125000000 000000 000005 000066 000000 000000 000000 000004 000009 000000 000009 000000 000000 000000 000000 000006 000006 000008 000000 000010 000012 000018 000000 000000 000000 000000 000000 000000 000000 000114 000000 
6104175199109125000000 000000 000006 000000 000000 000000 000000 000000 000011 000011 000000 000000 000004 000030 000020 000000 000000 000002 000000 000000 000000 000006 000027 000006 000007 000002 000000 000000 000002 000077 -99999M
6104175199110125000010 000000 000003 000005 000011 000000 000000 000000 000000 000013 000000 000000 000000 000002 000009 000000 000000 000011 000005 000000 000004 000000 000000 000003 -99999M000000 000004 000000 000000 000000 000000 
6104175199204125000000 000000 000000 000000 000000 000000 000000 000000 000000 000000 -99999M000000 000000 000000 000000 000008 000000 000000 000000 000000 000004 000004 -99999M000000 000000 000000 000000 000000 000003 000000 -99999M
6104175199205125000004 000021 000000 000000 000010 000000 000000 000006 000013 000000 000000 000000 000034 000000 000000 000000 000056 000000 000000 000000 000000 000000 000015 000000 000002 000004 000004 000000 000000 000007 000003 
6104175199206125000000 000000 000000 000000 000006 000003 000008 000000 000000 000000 000000 000000 000000 000000 000000 000000 000000 000004 000032 000003 000003 000000 000003 000004 000000 000000 000004 000000 000000 000000 -99999M
6104175199207125000000 000000 000002 000007 000000 000006 000000 000007 000000 000008 000000 000012 000004 000002 000000 000000 000076 000000 000000 000002 000000 000003 000002 000000 000000 000000 000000 000007 000000 000003 -99999M
6104175199208125000000 000000 000000 000008 000000 000000 000000 000012 000023 000070 000000 000000 000003 000000 000002I000006 000000 000003 000000 000000 000000 000000 000000 000000 000000 000000 000004 000031 000000 000005 000000 
6104175199209125000000 000018 000051 000000 000000 000006 000006 -99999M000004 000000 000000 000000 000000 000000 000000 000000 000000 000050 000000 000000 000006 000022 000000 000000 000000 000008 000010 000000 000000 000003 -99999M
6104175199210125000000 000000 000000 000000 000000 000000 000000 000002 000007 000002 000004 000008 000000 000003 000002 -99999M000000 000014 000002 000004 000000 000000 000020 000007 000000 000004 000000 000000 000004 000000 000000 
6104175199304125-99999M000000 000000 000000 000000 000000 000000 000000 000004 000003 -99999M000000 000000 000004 000003 000006 000004 000002 000006 000006 000004 -99999M000000 000006 000016 000000 000000 000000 000000 000002 -99999M
6104175199305125000000 000000 000000 000003 000002 000007 000000 000000 000000 000000 000000 000000 000000 000005 000003 000000 000000 000000 000003 000000 000000 000000 000004 000007 000000 000035 000004 000006 000000 000008 000013 
6104175199306125000006 000000 000000 000000 000007 000000 000000 000005 000007 000000 000000 000000 000000 000028 000038 000000 000000 000004 000004 000012 000080 000000 000000 000000 000009 000000 000048 000000 000010 000000 -99999M
6104175199307125000000 000000 000018 000000 000000 000002 000000 000000 000000 000000 000000 000000 000000 000000 000000 000000 000000 000002 000002 000000 000008 000000 000000 000000 000000 000019 000009 000006 000009 000000 000000 
6104175199308125000007 000022 000006 000000 000021 000000 000000 000000 000000 000000 000000 000000 000000 000005 000000 000000 000000 000000 000000 000016 000000 000000 000000 000000 000000 000000 000054 000000 000000 000045 000001 
6104175199309125000000 000020 000013 000000 000000 000028 000000 000010 000006 000005 000000 000000 000000 000000 000008 000002 000000 000000 000000 000000 000000 000005 000008 000000 000004 000012 000018 000004 000000 000000 -99999M
6104175199310125000011 000006 000002 000006 000000 000000 000000 000000 000010 000000 000004 000002 000000 000000 000000 000006 000017 000000 000000 000014 000004 000000 000000 000000 000000 -99999M000001 000000 000000 000000 000000 
6104175199404125000000 000009 -99999M000000 000002 000000 000000 000000 000000 000000 000000 000005 000032 000000 000016 000006 000000 000000 000000 000000 000000 000000 000000 000002 000015 000051 000003 000004 000000 000009 -99999M
6104175199405125000007 000000 000000 000000 000011 000006 000006 000002 000006 000000 000007 000000 000000 000000 000013 000002 000004 000003 000000 000000 000000 000000 000000 000000 000003 000014 000000 000002 000004 000000 000010 
6104175199406125000001 000000 000000 000000 000000 000014 000000 000000 000000 000000 000000 000000 000010 000000 000000 000000 000000 000000 000000 000004 000000 000000 000002 000034 000007 000004 000039 000000 000029 000004 -99999M
6104175199407125000000 000000 000000 000000 000021 000000 000038 000111 000000 000000 000000 000007 000000 000000 000000 000000 000000 000000 000000 000000 000006 000000 000000 000000 000000 000000 000002 000000 000003 000012 000000 
6104175199408125000000 000035 000000 000026 000000 000000 000000 000002 000000 000000 000000 000000 000055 000000 000000 000000 000000 000000 000000 000104 000002 000000 000000 000029 000000 000000 000000 000000 000000 000007 000011 
6104175199409125000000 000000 000000 000000 000000 000002 000016 000000 000000 000000 000000 000000 000004 000000 000014 000008 000000 000026 000000 000000 000000 000003 000005 000000 000005 000038 000006 000018 000012 000000 -99999M
6104175199410125000000 000000 000000 000000 000000 000000 000000 000000 000000 000000 000000 000000 000000 000000 000000 000000 000000 000003 000017 000000 000000 000000 000002 000003 000004 000000 000000 000000 000000 000000 000006 
6104175199504125-99999M-99999M000007 000004 000000 000000 000000 000000 000000 000000 000000 000010 000002 000000 000000 000000 000000 000009 000000 000000 000012 000000 000000 000000 000000 000005 000012 000000 000000 000000 -99999M
6104175199505125-99999M000000 000000 000000 000000 000000 000000 000000 000003 000006 000004 000000 000000 000011 000000 000000 000011 000000 000003 000002 000000 000000 000002 000006 000000 000000 000000 000006 000009 000000 000000 
6104175199506125000004 000012 000006 000000 000000 000000 000024 000000 000000 000004 000000 000000 000000 000000 000000 000000 000000 000000 000000 000000 000000 000000 000000 000000 000000 000000 000000 000000 000000 000000 -99999M
6104175199507125000000 000000 000000 000000 000007 000006 000000 000002 000000 000000 000000 000000 000000 000018 000000 000006 000019 000006 000000 000002 000000 000017 000035 000000 000002 000000 000000 000018 000000 000000 000000 
6104175199508125000020 000000 000008 000005 000006 000000 000000 000000 000000 000000 000004 000009 000000 000000 000000 000000 000000 000000 000000 000000 000000 000000 000009 000000 000000 000016 000000 000000 000000 000044 000031 
6104175199510125-99999M000000 000005 000003 000018 000013 000000 000000 000000 000000 000000 000000 000000 000026 000008 000000 000000 000000 000000 000027 000011 000006 000000 000014 000000 000000 000004 000008 000000 000002 000002 
6104175199604125000002I000000 000000 000000 000000 000000 000000 000000 000000 000000 000005 000002 000007 000000 000011 000003 000002 000000 000005 000057 000000 000009 000004 000000 000007 000004 000000 000000 000012 000012 -99999M
6104175199605125000005 000000 000002 000000 000000 000000 000000 000004 000010 000023 000004 000000 000000 000000 000000 000000 000003 000037 000002 000007 000002 000000 000001 000000 000000 000000 000000 000000 000000 000000 000000 
6104175199606125000000 000000 000000 -99999M000000 000008 000022 000026 000002 000000 000000 -99999M000000 000000 000000 000000 000000 000020 000020 000006 000005 000031 000000 000002 000000 000000 000014 000000 000011 000004 -99999M
6104175199607125000000 000000 000004 000000 000005 000002 000010 000006 000000 000008 000000 000000 000000 000004 000043 000000 000000 000008 000029 000000 000000 000000 000000 000009 000000 000000 000000 000000 000015 000037 000003 
6104175199608125000006 000000 000000 000000 000000 000000 000000 000029 000000 000000 000000 000000 000000 000000 000007 000000 000000 000000 000000 000021 000000 000021 000003 000000 000000 000013 000007 000000 000000 000000 000000 
6104175199610125000004 000006 000000 000000 000000 000000 000000 000000 000004 -99999M000000 000000 000000 000000 000000 000000 000000 000018 000014 000008 000005 000004 000009 000006 000000 000000 000000 000000 000007 000009 000000 
6104175199704125000000 000000 000000 000000 -99999M-99999M000000 000000 000000 000000 000000 -99999M-99999M000000 000000 000002 000000 000002 000003 000000 000000 000000 000000 000000 000000 000000 000004 -99999M000000 000004 -99999M
6104175199705125000001 000000 000005 000010 -99999M000002 000000 000004 000018 000002 -99999M000003 000000 000004 000002 000000 000000 000002 000000 000000 000007 000000 000000 000003 000000 000000 000000 000000 000000 000002 000002 
6104175199706125000000 000000 000000 000000 000000 000000 000000 000000 000000 000000 000000 000000 000000 000000 000000 000027 000000 000005 000000 000033 000044 000000 000004 000018 000000 000000 000000 000000 000000 000000 -99999M
6104175199707125000000 000000 000004 000005 000000 000000 000000 000008 000000 000000 000000 000000 000000 000000 000000 000000 000000 -99999M000000 000000 000002 000000 000000 000000 000000 000000 000033 000004 000000 000000 000000 
6104175199708125000000 000000 000003 000094 000000 000000 000000 000000 000000 000005 000000 000043 000003 000000 000032 000036 000000 000000 000000 -99999M000019 -99999M000003 000000 000000 000003 000009 000000 000004 000000 000001 
6104175199709125000000 000000 000000 000000 000000 000002 000000 000000 000000 000002 000009 000000 000000 000000 000000 000000 000010 000000 000031 000012 000000 000000 000003 000000 -99999M000000 000000 -99999M000019 000004 -99999M
6104175199710125000000 000008 000000 000012 000004 000000 000000 000000 000003 000000 000000 000000 000000 000000 000000 000000 000000 000000 000000 000009 000000 000000 000000 000000 000000 000005 000000 -99999M-99999M000000 000000 
6104175199711125000014 000005 000000 000005 000000 000000 000000 000000 000000 000000 000000 000000 000000 000000 000000 000000 000000 000000 000000 000000 -99999M000000 -99999M000000 000000 000000 000000 000000 000000 000000 -99999M
6104175199804125000037 000002 000000 000000 000000 000000 000000 000000 000000 000000 000000 000000 000000 000000 000000 000014 000004 000000 000002 000002 000000 000000 000000 000006 000000 000000 000000 000000 000000 000000 -99999M
6104175199805125000028 000003 000000 000007 000000 000000 000000 000003 000002 000005 000002 000000 000000 000000 000000 000000 000000 000000 000000 000000 000000 000000 000000 000000 000000 000000 000000 000017 000004 000056 -99999M
6104175199806125000000 000040 000000 000008 000000 000000 000002 000005 000000 000000 000003 000022 000009 000003 000000 000008 000003 000013 000000 000000 000000 000000 000000 000007 000025 000012 000005 000000 000007 000038 -99999M
6104175199807125000000 000000 000000 000004 000000 000000 000005 000005 000020 000010 000000 000000 000000 000000 000000 000000 000004 000029 000000 000000 000010 000034 000020 000000 000000 000000 000006 000066 000000 000002 000000 
6104175199808125000000 000000 000000 000000 000003 000002 -99999M000000 000002 000034 000009 000000 000000 000043 000000 000000 000000 000000 000000 000000 000000 000000 000061 000011 000019 000006 000000 000009 000009 000000 000000 
6104175199809125000000 000060 000003 000000 000000 000003 000041 000020 000000 000000 000000 000021 000000 000013 000021 000000 000000 000000 000000 000000 000000 000004 000000 000000 000000 000104 000010 000000 000004 000006 -99999M
6104175199810125000000 000000 000000 000000 000000 000000 000013 000004 000000 000000 000000 000000 000009 000008 000000 000000 000000 000003 000000 -99999M000000 000000 000000 000000 000000 000003 000004 000006 000000 000000 000000 
6104175199904125000000 000000 000000 000000 000000 000005 000006 000000 000000 000000 000000 000000 000000 000000 000000 000004 000003 000008 000000 000010 000000 000000 000000 000000 000000 000000 000000 000000 000000 000000 -99999M
6104175199905125000000 000000 000000 000000 000000 000000 000006 000003 000000 000000 000000 000000 000000 000000 000000 000000 000000 000000 000000 000000 000000 000000 000000 000032 000009 000000 000000 000000 000000 000000 000005 
6104175199906125000005 000038 000000 000000 000000 000000 000000 000000 000000 000000 000000 000000 000000 000028 000000 000000 000000 -99999M000000 000000 000000 000000 000000 000015 000003 000000 000011 000006 000006 000000 -99999M
6104175199907125000004 000000 000043 000000 000002 000000 000007 000000 000002 000000 000000 000000 000000 000000 000000 000000 000000 000000 000000 000000 000000 000000 000005 000008 000007 000000 000000 000005 000000 000000 000018 
6104175199908125000000 000000 000003 000009 000000 000016 000014 000005 000000 000012 000000 000000 000005 000000 000000 000000 000020 000000 000000 000026 000000 000000 000000 000000 000000 000000 000000 000000 000000 000000 000000 
6104175199909125000000 000000 000000 000000 000021 000004 000019 000003 000035 000000 000000 000000 000006 000005 000000 000004 000000 000000 000000 000014 000000 000000 000000 000006 000000 000000 000000 000000 000032 000010 -99999M
6104175199910125000000 000003 000004 000002 000005 000000 000000 000007 000000 000006 000000 000000 000065 000000 000000 000010 000008 000000 000006 000002 000000 000015 000006 000000 000000 000000 000000 000000 000000 000000 000000 
6104175200004125000000 000006I000009 000008 000000 000002 000007 000008 000000 000000 000000 000000 000000 000000 000000 000000 000000 000000 000000 000015 000006 000003 000000 000000 000000 000002 000000 000000 000000 000000 -99999M
6104175200005125000007 000000 000000 000004 000000 000000 000013 000077 000007 000038 000002 000009 000000 000000 000000 000004 000012 000012 000000 000000 000000 000000 000020 -99999M000002 000000 000000 000000 000000 000000 000000 
6104175200006125000014 000010 000000 000007 000005 000004 000000 000010 000005 000007 000003 000000 000014 000000 000051 -99999M000000 000004 000000 -99999M-99999M-99999M000000 -99999M000008 000028 000000 000000 000003 000000 -99999M
6104175200007125000000 000003 000004 000000 000000 000000 000003 000000 000033 000000 000000 000000 000000 000000 -99999M000000 000000 000000 000000 000000 000010 000000 000000 000000 000000 000000 000000 000000 000000 000004 000015 
6104175200008125000004 000006 000000 000000 000000 000004 000037 -99999M000000 000000 -99999M000004 000000 000000 -99999M-99999M000000 000003 000000 000000 000000 000008 -99999M000000 000000 000011 000000 000000 000000 000000 000000 
6104175200009125000000 000018 000002 000000 000000 000000 000000 000000 000000 000036 000035 000000 000000 000015 000008 000000 000000 000000 000000 000004 000000 000002 000026 000000 000000 000000 000000 000000 000000 000000 -99999M
6104175200010125000000 000000 000008 000009 000004 000005 000000 000002 000000 000000 000000 000000 000000 000000 000011 000000 000006 000002 000000 000000 000000 000000 000000 000000 000000 000000 000009 000000 000000 000000 000000 
6104175200104125000000 000000 000000 000000 000000 000010 000024 000000 000002 000000 000008 000004 000000 000000 000000 000000 000000 000000 000000 000000 000015 000000 000000 000007 000000 000003 000000 000000 000000 000000 -99999M
6104175200105125000000 000000 000000 000002 000000 000000 000000 000002 000000 000000 000011 000003 000000 000000 000000 000000 000000 000002 000000 000000 000007 000005 000003 000004 000002 000002 000007 000000 000006 000000 000000 
6104175200106125000017 000020 000008 000000 000000 000000 000000 000000 000000 000004 000006 000000 000000 000000 000000 000000 000000 000000 000007 000004 000039 000035 000002 000000 000000 000000 000000 000000 000000 000000 -99999M
6104175200107125000036 000000 000004 000000 000000 000000 000000 000000 000011 000027 000007 000000 000035 000000 000000 000000 000000 000000 000000 000000 000000 000000 000000 000000 000000 000000 000000 000000 000000 000000 000000 
6104175200108125000000 000000 000046 000000 000000 000000 000000 000000 000034 000000 000000 000000 000013 000000 000000 000058 000000 000000 000000 000000 000016 000000 000052 000000 000000 000012 000014 000010 000000 000000 000003 
6104175200109125000000 000000 000003 000000 000000 000000 000000 000000 000000 000006 000000 000006 000000 000000 000000 000000 000005 000000 000006 000007 000024 000000 000000 000011 000006 000022 000006 000000 000000 000000 -99999M
6104175200110125000000 000000 000000 000008 000011 000005 000000 000000 000000 000000 000004 000002 000000 000006 000002 000013 000004 000000 000000 000000 000006 000004 000005 000010 000008 000003 000000 000000 000000 000000 000005 
6104175200204125-99999M-99999M000000 000000 000000 000000 000000 -99999M-99999M000000 000000 000007 000004 000010 000000 000000 000008 000000 000010 000000 000000 000000 000000 000000 000006 000000 000003 000009 000000 000008 -99999M
6104175200205125000006 000007 000000 000000 000000 000002 000000 000006 000030 000000 000000 000007 000008 000002 000000 000015 000000 000000 000000 000000 000000 000000 000004 000003 000019 000000 000000 000000 000002 000017 000080 
6104175200206125000000 000000 000000 000014 000017 000000 000000 000002 000000 000000 000016 000007 000000 000015 000036 000005 000000 000000 000000 000000 000010 000000 000016 000000 000000 000002 000005 000000 000000 000000 -99999M
6104175200207125000000 000000 000000 000000 000000 000000 000000 000000 000000 000000 000000 000000 000000 000000 000000 000000 000000 000000 000000 000000 000006 000009 000004 000000 000000 000053 000000 000006 000003 000000 000000 
6104175200208125000000 000000 000000 000000 000000 000000 000000 000000 000000 000000 000000 000000 000000 000017 000006 000040 000000 000000 000020 000000 000000 000024 000000 000006 000000 000000 000000 000000 000000 000000 000000 
6104175200209125000000 000000 000000 000000 000000 000000 000000 000000 000000 000022 000000 000000 000000 000045 000002 000000 000000 000000 000000 000000 000000 000020 000000 000000 000000 000000 000010 000000 000000 000012 -99999M
6104175200210125000000 000010 000000 000009 000000 000011 000000 000000 000000 000000 000000 000003 000008 000000 000003 000002 000000 000004 000034 000004 000000 000000 000000 000000 000006 000004 000000 000000 000000 000000 000004 
6104175200304125000000 -99999M000000 000000 -99999M000000 000000 000000 000000 000000 000000 000000 000000 000000 000000 000000 000000 000000 000000 000007 000027 000002 000000 000000 000000 000000 000000 000000 000000 000004 -99999M
6104175200305125000008 000004 000000 000000 000009 000009 000000 000004 000000 000000 000020 000004 000000 000000 000009 000000 000000 000000 000000 000012 000000 000000 000007 000005 000000 000004 000000 000000 000003 000000 -99999M
6104175200306125000000 000000 000000 000011 000025 000000 000000 000003 000003 000004 000001 000040 000011 000000 000000 000000 000000 000009 000000 000000 000000 000000 000000 000000 000000 000000 000000 000000 000017 000000 -99999M
6104175200307125000000 000000 000000 000000 000000 000000 000006 000000 000000 000017 000012 000005 000000 000000 000018 000000 000000 000000 000000 000012 000004 000000 000022 000060 000000 000004 000029 000000 000006 000000 000019 
6104175200308125000000 000006 000084 000000 000002 000002 000000 000000 000000 000012 000002 000000 000000 000000 000000 000000 000000 000000 000000 000000 000006 000000 000000 000000 000000 000000 000000 000000 000021 000000 000000 
6104175200309125000000 000000 000000 000000 000000 000000 000000 000000 000000 000000 000000 000000 000007 000000 000011 000000 000000 000002 000007 000000 000000 000020 000010 000005 000004 000000 000043 000000 000000 000004 -99999M
6104175200310125000006 000006 000004 000004 000002 000000 000000 000000 000000 000000 000000 000002 000000 000008 000004 000000 000000 000002 000000 000023 000003 000000 000000 000002 000009 000007 000002 000002 000004 000000 000000 
6104175200504125000005 000013 -99999M-99999M000000 000000 000004 000000 000000 000000 000000 000000 000000 000000 000000 000000 000000 000000 000000 000008 000000 000003 -99999M-99999M000000 000003 000006 000000 000000 -99999M-99999M
6104175200505125000004 000004 000000 000000 000000 000000 000000 000000 000000 000000 000000 000000 000000 000011 000000 000000 000000 000000 000000 000000 -99999M000000 000000 000000 000000 000000 000000 000000 000000 000000 000000 
6104175200506125000000 000000 000000 000000 000000 000000 000000 000005 000006 000000 000000 000004 000008 000035 -99999M000001 000008 000000 000000 000000 000005 000000 000000 000000 000000 000000 000000 000000 000000 000000 -99999M
6104175200507125000000 000000 000000 000029 000000 000000 000000 000041 000004 000000 000000 000000 000062 000014 000000 000010 000000 000000 000000 000000 000000 000003 000007 000000 000000 000026 000003 000000 000008 000000 000000 
6104175200508125000092 000000 000000 000008 000000 000000 000000 000000 000000 000000 000000 000007 000000 000006 000000 000000 000000 000000 000015 000000 000000 000000 000000 000000 000000 000000 000018 000000 000000 000028 000015 
6104175200509125000000 000000 000000 000000 000000 000000 000000 000027 000000 000000 000000 000000 000000 000003 000000 000009 000000 000000 000000 000000 000000 000003 000000 000000 000029 000030 000000 000011 000003 000000 -99999M
6104175200604125000000 000000 000012 000000 000000 000000 000004 000000 000000 000000 000000 000003 000000 000004 000000 000000 000000 000000 000000 000000 000007 000006 000011 000002 000002 000000 000000 000000 000000 000000 -99999M
6104175200605125000000 000000 000000 000000 000005 000008 000000 000000 000000 000000 000010 000000 000000 000002 000008 000003 000003 000007 000000 000005 000013 000000 000000 000000 000000 000003 000000 000016 000000 000000 000008 
6104175200606125000010 000004 000005 000000 000000 000000 000000 -99999M000004 000000 000000 000000 -99999M000000 000000 000040 000000 000000 000004 000000 000004 000000 000000 000000 000000 000018 000090 000000 000000 000007 -99999M
6104175200607125000009 000000 000002 000015 000000 000000 000000 000000 000000 000008 000000 000004 000000 000006 000010 000000 000000 000044 000000 000007 000000 000003 000005 000011 000000 000004 000004 000003 000018 000000 000000 
6104175200608125000000 000033 000000 000000 000000 000000 000000 000000 000000 000016 000000 000000 000000 000008 000000 000000 000000 000000 000008 000035 000000 000000 000011 000000 000000 000007 000060 000002 000000 000000 000000 
6104175200609125000000 000018 000003 000000 000000 000000 000000 000000 000002 000000 000000 000004 000004 000005 000000 000000 000000 000021 000002 000009 000007 000009 000003 000011 000025 000000 000000 000010 000000 000008 -99999M
6104175200610125000005 000000 000000 000012 000000 000000 000000 000000 000000 000018 000009 000006 000004 000004 000000 000000 000008 000000 000007 000006 000000 000006 000000 000000 000000 000000 000006 000008 000000 000000 000006 
