6016525197409125000000 000003 000005 000000 000000 000000 000013 000005 000000 000005 000008 000000 000000 000005 000000 000003 000005 000003 000005 000000 000000 000000 000008 000010 000003 000000 000000 000000 000000 000000 -99999M
6016525197410125000000 000000 000000 000000 000000 000000 000000 000000 000005 000000 000003I000000 000003 000000 000000 000000 000000 000000 000000 000000 000000 000000 000000 000003 000000 000000 000000 000000 000003 000005 000000 
6016525197506125000008 000010 000010 000003 000005 000003I000000 000000 000003 000005 000003 000000 000003 000000 000005 000005 000000 000000 000000 000000 000000 000003 000005 000000 000000 000000 000000 000000 000008 000048 -99999M
6016525197507125000000 000000 000000 000000 000000 000000 000081 000008 000003 000008 000000 000008 000038 000008 000010 000018 000000 000061 000015 000000 000005 000005 000010 000000 000025 000013 000003I000013 000000 000000 000000 
6016525197508125000008 000000 000036 000005I000000 000038 000030 000041 000013 000005 000005 000010 000000 000000 000010 000003 000005 000000 000000 000005 000000 000000 000013 000028 000020 000005 000000 000000 000000 000000 000000 
6016525197509125000005 000005 000005 000003 000010 000000 000000 000000 000003 000008 000003 000000 000003 000003 000003 000000 000000 000020 000008 000003 000003I000000 000005 000000 000000 000000 000000 000000 000005 000003 -99999M
6016525197510125000000 000000 000000 -99999M000005 000000 000000 000000 000005 000005 000003 000010 000000 000000 000000 000000 000000 000000 000000 000008 000008 000000 000003 000003I000000 000000 000000 000000 000000 000003 000000 
6016525197605125000003I000000 000000 000003 000000 000000 000000 000000 000003I000003 000000 000000 000013 000005 000003 000000 000000 000000 000000 000005 000000 000000 000000 000000 000000 000000 000000 000000 000000 000000 000000 
6016525197606125000000 000000 000000 000000 000003 000081 000005 000000 000028 000000 000000 000018 000010 000000 000000 000000 -99999M-99999M000000 000000 000000 000000 000000 000000 000010 000005 -99999M000008 000000 000000 -99999M
6016525197607125000000 000000 000000 000000 000000 000000 000000 000010 -99999M000041 000000 000000 -99999M000000 000003 000005 000000 000015 000008 000000 000000 000071 000005 000000 000038 000005 000000 000008I000008 000000 000005 
6016525197608125000000 000000 000003 000000 000000 000000 000000 000000 000023 000003 000036 000000 000000 000000 000000 000000 000000 000005 000020 000005 000000 000000 000000 000000 000058 000000 000013 000003I000003 000038 000003I
6016525197609125000000 000005 -99999M000003I000000 000000 000000 000000 000000 000000 000000 000028 -99999M000000 000000 000000 000000 000025 000000 000013 000005 000005I000000 000000 000000 000000 000000 000000 000000 000003I-99999M
6016525197610125000000 000000 000000 000010 000000 000000 000000 000000 000000 000000 000000 000003 000000 000000 000000 000000 000000 000000 000000 000000 000000 000000 000000 000000 000000 000000 000000 000000 000000 000000 000000 
6016525197705125000000 000000 000000 000000 000015 000000 000000 000000 000000 000003 000010 000008 000000 000020 000008 000000 000005 000010 000000 000008 000000 000109 -99999M000000 000005 000000 000000 000000 000000 000000 000000 
6016525197706125000003I000000 000000 000003 000000 000000 000003 000005 000000 000008 000000 000000 000008 000000 000015 -99999M-99999M-99999M000003I000000 000000 000000 000000 000056 000000 000010 000000 000005 000000 -99999M-99999M
6016525197707125-99999M000000 000013 000000 000000 000000 000013 000003 000000 000000 000064 000000 000000 000010 000041 000053 000102 000036 000043 000000 000000 000000 000000 000000 000000 000000 000018 000018 000000 000008 000023 
6016525197708125000000 000000 000015 000005 000005I000020 000008 000008I000000 000010 000015 000008 -99999M000000 000025 000015 000005I000005I000000 000008 000000 000000 000000 000000 000008 000008 000005I000015 000000 000008 000005 
6016525197709125000008 000013 000000 000010 000000 000000 000005 000003I000010 000000 000008 000000 000000 000000 000000 000000 000000 000000 000000 000000 000000 000000 000000 000000 000005 000005 000000 000010 000008 000000 -99999M
6016525197710125000000 000000 000000 -99999M000003 000000 000000 000000 000000 000000 000000 000000 000000 000000 000000 000000 000000 000000 000000 000000 000000 000000 000000 000000 000005I000003 000005 000000 000000 000000 000010 
6016525197805125000000 000000 000000 000000 000000 000000 000000 000005 000003 000007 000008 000000 000000 000000 000000 000000 000000 000000 000000 000002I000003 000000 000000 000000 000000 000003 000000 000000 -99999M000011 000005 
6016525197806125000000 -99999M000000 000007 000008 -99999M000000 000000 000005 000014 000005 000000 000000 000000 000000 000005 000007 000000 000013 000004 000003 000000 000035 000088 000000 000000 000022 -99999M000014 000000 -99999M
6016525197807125000000 000000 000000 000010 000089 000017 000000 000005 000006 000000 000000 000032 -99999M-99999M000000 000000 000000 000004 000008 000000 000004 000000 000000 000019 000070 000016 000000 -99999M000000 000011 000004 
6016525197808125000006 000008 000005 000009 000013 000005 -99999M000005 000000 000000 000000 000000 000010 000038 000021 000005 000000 000005 000000 000006 000013 000000 000004 000003 000055 000000 000000 000000 000010 000000 000012 
6016525197809125000007 000000 000000 000000 000000 000005 000000 000000 000028 -99999M000000 000000 000003 000007 000003 000007 000011 000000 000000 000014 000000 000000 000000 000004 000005 -99999M000012 000000 000000 000000 -99999M
6016525197905125000001 -99999M000000 000000 000000 000000 000019 000000 000000 -99999M000002I000000 000000 000000 000000 000006 000009 000003 000000 000000 000000 000005 000000 000000 000000 000000 000000 000000 000000 000000 000003 
6016525197906125000002I000008 000000 000000 000000 000009 -99999M000004 000000 000000 000008 000000 000005 000004 000000 000000 000000 000000 000000 000000 000013 000000 000000 000000 000015 000035 000000 000003 000000 000000 -99999M
6016525197907125000000 000000 000000 000000 000000 000000 000000 000000 000072 000000 000000 000022 000112 000027 000005 000000 000006 000028 000000 000007 000026 000000 000038 000000 000007 000000 000000 000010 000011 000006 000000 
6016525197908125000000 000051 000003 000005 000000 000051 000006 000000 000009 000000 000000 000093 000007 000000 000000 000000 000008 000000 000000 000000 000000 000042 000012 000009 000000 000023 000000 000007 000000 000000 000000 
6016525197909125000051 000006 000000 000019 000053 000003 000000 000005 000000 000000 000007 000031 000011 000004 000000 000000 000029 000000 000007 000002 000000 000000 000000 000007 000009 000000 000011 000000 000010 000000 -99999M
6016525198005125000000 000000 000000 -99999M000003 000000 000000 000000 000000 000000 000000 -99999M-99999M000000 000000 000000 000000 000000 000000 000000 000000 000000 000000 000000 000000 000006 000017 000000 000015 000000 000000 
6016525198006125000011 000004 000000 000000 000028 000007 -99999M000004 000000 000000 000000 000021 000000 000000 000000 000002 000003 000000 000005 000000 000003 000000 000000 000000 000006 000000 000000 000011 000000 000025 -99999M
6016525198007125000008 000006 000000 000004 000000 000000 000005 000000 000026 000008 000000 000005 000027 000024 000000 000000 000000 000006 000002 000000 000000 000000 000000 000000 000000 000000 000022 000000 000000 000007 000031 
6016525198008125000007 000003 000000 000038 000033 -99999M000000 000000 000000 000006 000000 000009 000009 000000 000000 000000 000009 000004 000000 000000 000036 000000 000003 000000 000002I000000 000000 000000 000007 000032 000000 
6016525198009125000003 -99999M-99999M000031 -99999M000000 000000 000028 000002 000000 000000 000000 000000 000000 000012 000003 000000 000000 000000 000000 000000 -99999M000000 000005 000000 000003 000000 -99999M000002 000008 -99999M
6016525198105125-99999M-99999M-99999M-99999M-99999M-99999M-99999M-99999M-99999M-99999M000000 000000 000000 000000 000000 000000 000000 000000 000000 000000 000000 000003 000000 000004 000005 000000 000000 000000 -99999M000003 000000 
6016525198106125000000 000000 000000 000013 000005 000002 000040 000000 000004 000000 000000 000011 000005 000009 000006 000000 000014 000000 000000 000003 000000 000000 000000 000000 000000 000003 000021 000024 000000 000000 -99999M
6016525198107125000000 000000 000050 000000 000000 000000 000000 000004 000000 000000 000000 000000 000000 000000 000000 000006 000002 000000 000000 000004 000000 000000 000000 000071 000005 000000 000000 000000 000000 000000 000014 
6016525198108125000000 000000 000000 000000 000000 000016 000046 000002 000000 000000 000000 000000 000004 000000 000000 000004 000000 000000 000000 000000 000000 000000 000000 000000 000000 000000 000000 000000 000000 000000 000026 
6016525198109125000000 000000 000000 000000 000006 000013 000013 000003 000010 000000 000004 000000 000011 000003 000000 000000 000000 000003 000000 000000 000000 000006 000002I000000 000014 000008 000000 000000 000000 000000 -99999M
6016525198110125000000 000000 000002 000004 000004 000000 000000 000004 000003 000000 000000 000005 000002 000000 000004 000012 000000 000000 000000 000000 000000 000000 000000 000000 000000 000000 000000 000000 000000 000000 000000 
6016525198111125000000 000000 000000 000000 000000 000000 000000 000000 000000 000000 000000 000000 000000 000007 000005 -99999M-99999M000000 000000 000000 000000 000000 000000 000000 000000 000000 000000 000000 000000 000000 -99999M
6016525198205125-99999M-99999M-99999M000010 000005 000000 000002 000004 000000 000006 000008 000000 000003 000005 000005 000008 000011 000009 -99999M000000 000000 000000 000000 000000 000000 000000 000000 000000 000009 000009 000004 
6016525198206125000005 000000 000000 000000 000000 000009 000029 000000 000007 000005 -99999M000006 000004I000000 000003 000008 000000 000000 000007 000020 -99999M000000 000000 000007 000000 000003 000000 000000 -99999M000000 -99999M
6016525198207125000000 000003 000000 000002 000002 000016 -99999M000002 000000 000000 000000 000000 000000 000000 000000 000000 000020 000006 000000 000000 000000 000000 000002 000034 000000 000000 000000 000000 000000 000000 000009 
6016525198208125000000 000006 000009 000008 000000 000000 000038 000009 000006 000000 000000 000000 000015 000000 000031 000003 000000 000071 000018 000000 000014 000005 -99999M000007 000005 000006 000010 -99999M000002I000009 000005 
6016525198209125000005 000009 000002 000009 000000 000000 000000 000003 000000 -99999M000002 000007 000008 000000 000000 -99999M000006 000002 000004 000000 000000 000000 000004 000002 000000 000004 -99999M-99999M000022 000003 -99999M
6016525198210125000000 000007 -99999M000011 000000 000000 000004 000003 000003 000008 000007 -99999M-99999M-99999M000000 000000 000000 000000 000000 000000 000000 000000 000000 000000 000000 000000 -99999M000002 000004 000003 000000 
6016525198305125-99999M000002 000005 000000 -99999M-99999M-99999M000000 000002 000004 000007 -99999M000002 -99999M000000 000000 000000 000000 000000 000003 000009 000000 000002 000000 000000 000000 000006 000006 000002 000000 000000 
6016525198306125000000 000000 000000 000000 000000 000000 000000 000000 000000 000000 000000 000019 000022 -99999M000004 000002 000000 000000 000000 000000 000006 000002 000016 000044 000008 000000 000000 000000 000012 000004 -99999M
6016525198307125000000 000004 000018 000000 000004 000000 000007 000000 000002 000085 000007 000030 000000 000000 000054 000000 000000 000000 000002I000000 000000 000002 000000 000004 000000 000000 000000 000000 000025 000006 000000 
6016525198308125000000 000005 000027 000002 000000 000000 000000 000000 000027 000000 000000 000012 000000 000000 000002 000000 000000 000039 000000 000002 000000 000000 000000 000014 000000 000000 000010 000002 000000 000002 000006 
6016525198309125000000 000000 000010 000000 000025 000002 000000 000004 000004 000008 000002 -99999M000000 000000 000000 000003 000007 000002 000004 000004 000002 000000 000000 000000 000000 000000 000000 -99999M000004 000013 -99999M
6016525198310125000000 000000 000000 000011 000005 000000 000006 000007 000008 000007 000000 000000 000000 000000 000000 000000 000000 000000 000000 000000 000000 000000 000004 000006 000000 000000 000003 000000 000000 000000 000000 
6016525198404125-99999M-99999M-99999M-99999M-99999M-99999M-99999M-99999M-99999M-99999M-99999M-99999M-99999M-99999M-99999M-99999M-99999M-99999M-99999M-99999M-99999M-99999M-99999M-99999M000003 000002 000014 -99999M000000 000000 -99999M
6016525198405125-99999M-99999M-99999M000000 000000 000000 000008 000002 000000 000004 000008 000000 000000 000000 000000 000000 000000 000002 000002 000002 000006 000008 000000 000000 000000 000000 000000 000000 000000 000006 000000 
6016525198406125000010 000006 000000 000000 000004 000010 000020 000004 000005 000000 000000 000000 000002 000000 000000 000000 000020 000007 000002 000000 000000 000000 000032 000005 000002 000000 000000 000000 000000 000000 -99999M
6016525198407125000000 000042 000011 000007 000003 000004 000000 000000 000000 000000 000002 000000 000000 000003 000017 000017 000005 000041 000000 000000 000000 000022 000000 000015 000000 000000 000000 000008 000000 000024 000000 
6016525198408125000000 000000 000000 000000 000000 000024 000000 000036 000019 000000 000000 000000 000000 000022 000002 000004 000002 000000 000000 000002 000044 000000 000000 000000 000000 000004 000000 000000 000000 000002 000000 
6016525198409125000000 000000 000015 000004 000000 000000 000003 000013 000006 000005 000000 000008 000002 000008 000022 000000 000000 000000 000002 000002 000012 000008 000002 000000 000000 000000 000000 000002 000002 000000 -99999M
6016525198410125000000 000004 000002 000000 000000 000000 000000 000000 000000 000000 000000 000000 000000 000000 000000 000000 000018 000000 000006 -99999M-99999M-99999M-99999M-99999M-99999M-99999M-99999M-99999M-99999M-99999M-99999M
6016525198505125000000 000000 000000 000000 000002 000004 000000 000002 000000 000000 000012 000007 000002 000002 000002I000000 000000 000004 000004 000003 000000 000000 000015 000000 000000 000000 000000 000000 000004 000004 000002 
6016525198506125000006 -99999M000000 000003 000000 000008 000033 000042 000007 000002 000000 000000 000000 000000 000000 000009 000012 000010 000000 000000 000009 000023 000003 000000 -99999M000011 000008 000008 000000 000000 -99999M
6016525198507125000008 000006 000006 000005 000000 000002 000000 000016 000002 000007 000007 000004 000004 000006 000010 000007 000016 000004 000010 000000 000004 000000 000035 000000 000000 000000 000023 000006 000006 000000 000000 
6016525198508125000000 000005 000000 000002 000004 000028 000006 000000 000037 000003 000000 000009 000010 000009 000005 000000 000018 000008 000003 000000 000000 000000 000000 000000 000000 000000 000000 000000 000000 000000 000023 
6016525198509125000004 000002 000000 000042 000021 000037 000000 000000 000000 000000 000000 000000 000000 000003 000000 000032 000000 000000 000010 000004 000002 000004 000010 000004 000002 000000 000004 000002 000006 000000 -99999M
6016525198605125000000 000000 000004 000004 000006 -99999M000000 000000 000000 000002 000009 000000 000000 000000 000021 000010 000000 000000 000000 000000 000000 000000 000000 000000 000000 000000 000000 000000 000000 000016 000002 
6016525198606125000000 000000 000034 000000 000000 000000 000014 000000 000002 000009 000000 000000 000003 000003 000000 000000 000000 000000 000000 000002 000049 000013 000002I000000 000007 000008 000006 000002 000002 000000 -99999M
6016525198607125000000 000000 000031 000002 000031 000003 000000 000000 000000 000000 000000 000000 000000 000000 000031 000000 000004 000003 000000 000002 000006 000000 000003 000010 000000 000000 000008 000037 000004 000013 000011 
6016525198608125000002 000000 000006 000000 000000 000003 000002 000008 000011 000000 000000 000000 000000 000083 000016 000000 000000 000000 000000 000002 000000 000000 000000 000000 000002 000004 000000 000000 000000 000000 000000 
6016525198609125000000 000002 000011 000018 -99999M000000 000006 000000 000000 000000 000002 000004 000000 000000 000000 000002 000004 000005 000000 000000 000007 000011 000005 000000 000008 000006 000010 000000 000002 000002 -99999M
6016525198705125000000 000000 000000 000000 000000 000000 000000 000000 000000 000000 000000 000002 000007 000000 000004 000000 000000 000000 000000 000001 000005 000000 000000 000000 -99999M-99999M-99999M-99999M-99999M-99999M-99999M
6016525198706125-99999M-99999M000005 000002 000000 000000 000012 -99999M000000 000000 000012 000002 000000 000000 000000 000000 000000 000000 000000 000000 000000 000000 000000 000000 000002 000002 000000 000004 000002 -99999M-99999M
6016525198707125000005 000006 000000 000000 000000 000000 000000 000000 000000 000039 000004 000006 000005 000035 000000 000009 000000 000000 000020 000012 000000 000004 000033 000000 000013 000000 000000 000000 000000 000000 000000 
6016525198708125000002 000002 000000 000000 000000 000018 000000 000020 000003 000006 000063 000000 000000 000000 000000 000024 000004 000028 000003 000000 000014 000000 000000 000002 000000 000000 000000 000000 000006 000004 000004 
6016525198709125000002 000000 000000 000012 000000 000002 000000 000006 000000 000002 000007 000012 000000 000000 000000 000000 000000 000002 000000 000003 -99999M000000 -99999M000000 000004 000000 000000 000002 000002 000000 -99999M
6016525198805125000000 000000 000000 000000 000000 000000 000004 000000 000002 000000 000000 000000 000000 000000 -99999M000000 000000 000000 000004 000003 000002 000004 000000 000000 000002 000000 000000 000005 000004 000120 000000 
6016525198806125000004 000000 000000 000000 000000 000000 000003 000000 000000 000000 000030 000008 000003 000010 000002 000000 000003 000000 000073 000000 000006 000000 000003 000010 -99999M000000 000019 000000 000000 000000 -99999M
6016525198807125000000 -99999M000000 000000 000006 000021 000004 000000 000041 000000 000000 000000 000008 000000 000002 000000 000000 000005 000004 000018 000010 000000 000007 000004 000000 000004 000000 000011 000041 -99999M000000 
6016525198808125000000 000000 000000 000000 000000 000002 000024 000000 000000 000004 000000 000000 000000 000000 000020 000002 000000 000000 000000 000000 000000 000004 000007 000011 000010 000004 000016 000002 000000 000000 000004 
6016525198809125000015 000004 000002 000012 000000 000000 000000 000002 000008 -99999M000004 000004 000005 000000 000000 000002 000002 000001 000010 000004 000000 000004 000002 000006 000005 000004 000002 000000 000002 000002 -99999M
6016525198810125000004 000000 000000 000000 000000 000000 000000 000000 000000 000000 000000 000000 000000 000000 000000 000000 000000 000000 000000 000000 000000 000000 000000 000000 000000 000000 000000 000000 000000 000000 000000 
6016525198905125000000 000000 000000 000000 000000 000000 000000 000000 000000 000000 000000 000000 000000 000000 000000 000004 000000 000002 000003 000004 000000 000002 000000 000002 000007 000002 000000 000006 000000 000000 000000 
6016525198906125000000 -99999M000009 000000 000003 000004 000000 000000 000000 000000 000000 000003 000000 000000 000000 000000 000000 000000 000000 000010 000007 000009 000000 000000 000004 000003 000010 000000 000000 000000 -99999M
6016525198907125000000 000019 000006 000002 000007 000009 000024 000015 000017 000000 000000 000000 000000 000000 000005 000001 000003 000002 000000 000000 000000 000000 000000 000000 000014 000005 000000 000000 000000 000000 000006 
6016525198908125000007 000018 000006 000008 000007 000000 000002 000010 000000 000012 000000 000012 000002I000000 000000 000000 000000 000000 000009 000002I000000 000000 000000 000000 000000 000018 000006 000007 000006 000000 000000 
6016525198909125-99999M000000 000000 000015 000002I000068 000020 000011 000003 000002 000000 000000 000000 000000 000000 000000 000000 000000 000000 000007 000000 -99999M000000 000000 -99999M000000 000000 000002I000000 000000 -99999M
6016525198910125000003 000000 000000 000000 000004 000000 000000 000000 000000 000000 000002 000000 000000 000000 000000 000000 000000 000000 000000 000000 000000 000000 000000 000000 000000 000000 000000 000000 000000 000000 000000 
6016525199006125000000 -99999M-99999M000000 -99999M-99999M-99999M-99999M-99999M000000 000000 -99999M-99999M-99999M000000 000000 -99999M000000 -99999M-99999M-99999M000000 000000 000000 -99999M-99999M000000 000000 000000 000000 -99999M
6016525200305125000000 000000 000000 000000 000000 000000 000000 000000 000000 -99999M000000 000000 000000 000000 000000 000000 000000 000002 000004 000002 000005 000000 000000 000000 000000 000000 000010 -99999M000000 000000 000000 
6016525200306125000000 000000 000000 000000 000000 000000 000002 000002 000004 000000 000000 000004 000003 000000 000000 000009 000030 000000 000000 000000 000000 000000 000000 000000 000015 000009 -99999M000000 000000 000005 -99999M
6016525200307125000004 000008 000000 000025 000006 000011 000044 000002 000000 000000 000007 000034 000005 000005 000000 000000 000000 000000 000000 000000 000000 000000 000000 000045 000027 000012 000012 000006 000000 000008 000011 
6016525200308125000020 000052 000000 000000 000015 000000 000000 000000 000000 000000 000000 000000 000000 000000 000021 000000 000000 000012 000004 000009 000012 000000 000000 000002 000008 000008 000000 000007 000007 000002 000002 
6016525200309125000000 000007 000003 000000 000000 000000 000000 000000 000000 000000 000008 000009 000004 000000 000000 000000 000045 000093 -99999M000004 000003 000002 -99999M000007 000004 000002 -99999M000000 000000 000000 -99999M
6016525200310125000000 000000 000000 000000 000000 000000 000000 000000 000000 000000 000019 -99999M000000 000000 000000 000000 000000 000000 000002 000001 000001 -99999M000000 -99999M000000 000000 000000 000000 000000 000000 000000 
6016525200405125000000 000000 000004 -99999M000003 000002 000000 000000 000012 000002 000000 -99999M-99999M000000 000000 000002 000000 000000 000002 000002 000000 000000 000000 000000 000006 000002 000000 000000 000000 000000 000000 
6016525200406125000000 000000 000000 000011 000011 000000 000004 000007 000000 000000 000000 000004 000004 000000 000002 000003 000000 000006 000002 000029 000021 000004 000012 000000 000007 000004 000000 000004 000031 000007 -99999M
6016525200407125000000 000005 000007 000002 000000 000000 000000 000000 000004 000012 000000 000006 000000 000000 000012 000000 000000 000021 000004 000002 000008 000004 000000 000000 000030 000006 000000 000017 000016 000002 000003 
6016525200408125000008 000003 000005 000000 000000 000000 000000 000000 000005 000000 000000 000000 000000 000000 000002 000025 000000 000010 000008 000000 000005 000005 000000 000013 000006 000021 000011 000000 000000 000033 000002 
6016525200409125000000 000005 000044 000068 000010 000030 000002 000000 000004 000123 000004 000010 000000 000000 000010 000008 000002 000000 000000 000002 000004 000002 000009 000012 000000 000000 000000 000000 000000 000004 -99999M
6016525200410125-99999M-99999M-99999M000000 000000 000000 000000 000017 000000 000000 000000 000004 -99999M000000 000000 000000 000000 000000 000000 000000 000000 000000 000010 000003 000002 000000 000000 000008 000004 000000 000000 
6016525200505125000000 000000 000000 000000 000000 000000 000000 000006 000002 000004 000000 000000 -99999M-99999M000000 000000 000000 000000 000000 000000 000010 000002 000000 000000 000046 000020 000024 000027 000000 000000 000000 
6016525200506125000000 000000 000000 000000 000017 000005 -99999M000000 -99999M-99999M000000 000016 000007 000000 000000 000000 000000 000000 000000 000000 000000 -99999M-99999M000091 -99999M000000 000023 000000 -99999M-99999M-99999M
6016525200507125000010 -99999M-99999M-99999M000000 000000 000000 000000 000000 000000 000000 000000 000000 000000 000000 000000 -99999M000048 000000 -99999M000000 000000 000000 000000 000000 000000 000010 000010 000000 000000 000000 
6016525200508125000000 000000 -99999M000005 000000 -99999M000000 000000 000000 000000 000006 000041 -99999M000000 000000 000000 000000 000000 000009 000005 000002 000000 000000 000000 000000 000020 000003 000022 000000 000000 000008 
6016525200509125000007 000012 000000 000000 -99999M000003 000000 000000 000006 000000 000005 000000 000022 000000 -99999M000002 000007 000004 000000 000000 000000 000000 000000 000004 000000 000000 -99999M000000 000000 000012 -99999M
6016525200510125000000 000000 000004 000000 000000 000000 000000 000000 000000 000000 000000 000000 000000 000002 -99999M000000 000008 000000 000005 000000 000002 000003 000000 000000 000000 000000 000000 000000 000001 000005 000003 
6016525200704125000000 000000 000000 000000 000000 000000 000000 000000 000000 000000 000000 000000 000000 000000 000000 000004 000000 000000 000000 000000 000000 000000 000000 000000 000000 000000 000005 000012 000009 000006 -99999M
6016525200705125000005 000000 000000 000000 000000 000000 000000 000000 000000 000000 000000 000000 000000 000000 000000 000003 000000 000000 000000 000000 000023 000007 000004 000009 000004 000000 000006 000000 000010 000005 000009 
6016525200706125000009 000002 000002 000015 000000 000004 000008 000003 000009 000005 000009 000011 000000 000005 000051 000000 000000 000020 000007 000000 000000 000009 000000 000000 000002 000005 000010 000011 000000 000000 -99999M
6016525200707125000000 000008 000007 000004 000000 000042 000064 000009 000000 000015 000013 000006 000000 000000 000000 000000 000000 000007 000000 000000 000000 000000 000000 000000 000000 000015 000000 000000 000012 000000 000000 
6016525200708125000033 000025 000000 000003 000069 000000 000005 000004 000002 000000 000066 000000 000034 000000 000025 000005 000004 000000 000000 000000 000011 000009 000000 000007 000000 000017 000019 000000 000006 000006 000000 
6016525200709125000018 000007 000000 000000 000003 000000 000008 000000 000000 000013 -99999M000004 000000 000000 000000 000000 000000 000000 000015 000016 000025 000012 000014 000007 000000 000003 000009 000000 000000 000010 -99999M
6016525200710125000000 000005 000005 000000 000000 000028 000024 000012 000007 000000 000000 000000 000000 000000 000000 000000 000004 000006 000009 000000 000000 000006 000004 000000 000000 000000 000000 000000 000000 000000 000005 
